Whole year- 2013
Clustering with 362 elements and 6 clusters
[0] 55, 20, 12, 197, 90, 97, 40, 125, 77, 176, 49, 165, 47, 346, 62, 187, 21,
    199, 27, 1, 24, 16, 114, 139, 119, 211, 155, 51, 223, 5, 3, 58, 73, 244,
    9, 145, 112, 82, 198, 65, 8, 136, 151, 259, 59, 438, 109, 251, 31, 282,
    146, 152, 190, 185, 393, 216, 214, 4, 420, 6, 372, 147, 137, 351, 177,
    126, 183, 127, 254, 38, 243, 394, 193, 105, 373, 327, 85, 192, 124, 71,
    297, 91, 378, 111, 33, 122, 81, 70, 429, 336, 19, 46, 120, 228, 56, 163,
    123, 395, 45, 34, 15, 74, 72, 194, 141, 229, 99, 80, 408, 334, 75, 160,
    63, 195, 272, 300, 188, 10, 459, 17, 306, 352, 138, 64, 440, 67, 101, 415,
    299, 156, 29, 340, 363, 248, 100, 88, 50, 382, 421, 238, 401, 43, 462,
    143, 423, 279, 333, 359, 315, 444, 368, 270, 328, 217, 274, 132, 304, 407,
    209, 375, 95, 14, 245, 281, 367, 355, 269, 314, 292, 399, 84, 441, 113,
    426, 42, 343, 184, 170, 311, 13, 264, 260, 418, 32, 305, 342, 413, 22,
    329, 364, 442, 168, 222, 371, 345, 321, 335, 445, 92, 263, 179, 175, 212,
    202, 206, 380, 200, 220, 181, 48, 203, 178, 463, 466, 18, 392, 87, 172,
    454, 258, 307, 409, 36, 388, 411, 162, 224, 218, 167, 361, 186, 323, 390,
    339, 434, 381, 271, 129, 117, 41, 232, 157, 294, 467, 189, 287, 468, 230,
    226, 23, 374, 337, 231, 89, 295, 262, 213, 302, 69, 283, 309, 391, 446,
    341, 397, 428, 439, 419, 432, 319, 37, 210, 396, 436, 398, 431, 453, 278,
    233, 410, 347, 205, 289, 464, 320, 83, 318, 349, 255, 450, 385, 166, 79,
    276, 405, 414, 68, 288, 215, 221, 275, 102, 240, 266, 225, 273, 253, 308,
    219, 96, 280, 461, 207, 433, 261, 252, 39, 389, 291, 358, 387, 406, 362,
    448, 424, 400, 404, 369, 360, 451, 148, 443, 354, 293, 402, 313, 452, 330,
    357, 332, 227, 465, 376, 422, 290, 317, 128, 298, 437, 365, 469, 265
[1] 460, 196
[2] 377, 104
[3] 110, 412
[4] 121, 338
[5] 425, 268


Jan 2013

Clustering with 92 elements and 5 clusters
[0] 55, 20, 12, 197, 90, 97, 40, 125, 77, 176, 49, 165, 47, 346, 62, 187, 21,
    199, 27, 1, 24, 114, 139, 119, 211, 155, 51, 223, 3, 58, 73, 244, 9, 145,
    112, 82, 198, 65, 8, 136, 59, 438, 109, 251, 31, 282, 146, 152, 190, 185,
    393, 216, 214, 4, 420, 6, 372, 147, 137, 351, 177, 126, 183, 127, 254, 38,
    243, 394, 193, 105, 373, 327, 85, 192, 124, 71, 297, 91, 378, 111, 33,
    122, 81, 70
[1] 460, 196
[2] 151, 259
[3] 121, 338
[4] 16, 5

