24	17
24	20
24	12
24	1
24	60
24	49
24	23
24	137
24	22
24	3
24	16
24	36
24	78
24	35
24	25
24	11
24	47
24	63
24	87
24	96
24	33
24	142
24	32
24	84
24	50
24	18
24	21
24	30
24	39
24	44
24	89
24	28
24	31
24	37
24	59
24	8
24	13
24	73
24	19
24	94
24	15
24	83
24	26
24	38
24	27
24	74
24	4
24	127
24	7
24	51
24	6
24	10
24	9
24	77
24	45
24	90
24	76
24	29
24	5
24	14
24	34
24	92
17	56
17	20
17	12
17	1
17	65
17	97
17	53
17	72
17	41
17	55
17	49
17	23
17	136
17	64
17	22
17	3
17	134
17	16
17	36
17	61
17	35
17	25
17	11
17	71
17	47
17	118
17	63
17	96
17	33
17	142
17	32
17	84
17	42
17	50
17	18
17	21
17	91
17	98
17	30
17	39
17	44
17	28
17	31
17	37
17	59
17	8
17	13
17	73
17	19
17	15
17	83
17	26
17	38
17	27
17	74
17	4
17	0
17	58
17	57
17	7
17	81
17	51
17	52
17	6
17	10
17	9
17	102
17	135
17	77
17	88
17	54
17	29
17	5
17	14
17	34
17	92
17	108
93	33
93	44
93	6
93	5
93	34
56	20
56	12
56	1
56	53
56	41
56	49
56	23
56	115
56	22
56	3
56	16
56	36
56	153
56	61
56	46
56	35
56	25
56	11
56	47
56	106
56	96
56	75
56	33
56	82
56	32
56	84
56	50
56	18
56	21
56	98
56	30
56	44
56	89
56	28
56	31
56	59
56	8
56	73
56	19
56	15
56	83
56	26
56	38
56	27
56	58
56	154
56	127
56	155
56	57
56	7
56	110
56	51
56	6
56	10
56	9
56	102
56	90
56	76
56	54
56	5
56	14
56	34
56	117
56	108
20	12
20	119
20	1
20	62
20	65
20	97
20	53
20	104
20	43
20	121
20	60
20	150
20	41
20	55
20	49
20	146
20	23
20	64
20	22
20	3
20	16
20	36
20	61
20	78
20	46
20	35
20	25
20	145
20	11
20	48
20	71
20	40
20	47
20	63
20	122
20	106
20	96
20	33
20	82
20	69
20	32
20	84
20	42
20	50
20	18
20	21
20	144
20	91
20	30
20	39
20	44
20	89
20	28
20	31
20	37
20	59
20	8
20	13
20	73
20	19
20	94
20	15
20	130
20	26
20	38
20	95
20	27
20	74
20	4
20	58
20	127
20	155
20	57
20	7
20	124
20	81
20	52
20	6
20	123
20	10
20	9
20	102
20	66
20	129
20	45
20	125
20	76
20	54
20	29
20	5
20	14
20	34
20	108
126	97
126	121
126	3
126	40
126	32
126	30
126	27
126	5
12	119
12	1
12	62
12	97
12	53
12	104
12	43
12	121
12	60
12	55
12	49
12	146
12	100
12	23
12	64
12	22
12	3
12	16
12	36
12	78
12	35
12	25
12	145
12	141
12	11
12	48
12	71
12	40
12	47
12	63
12	87
12	96
12	33
12	82
12	32
12	84
12	42
12	50
12	18
12	21
12	144
12	91
12	98
12	30
12	39
12	44
12	28
12	31
12	37
12	59
12	8
12	13
12	73
12	19
12	94
12	15
12	83
12	26
12	38
12	95
12	27
12	74
12	4
12	58
12	7
12	124
12	51
12	52
12	6
12	123
12	10
12	9
12	102
12	66
12	129
12	77
12	45
12	76
12	54
12	29
12	5
12	14
12	34
12	108
119	1
119	43
119	79
119	35
119	11
119	47
119	50
119	18
119	8
119	27
119	86
119	66
119	5
1	97
1	53
1	72
1	43
1	60
1	111
1	55
1	49
1	100
1	116
1	23
1	115
1	136
1	64
1	22
1	3
1	134
1	16
1	36
1	61
1	78
1	35
1	133
1	114
1	25
1	112
1	141
1	11
1	71
1	40
1	47
1	63
1	87
1	96
1	75
1	33
1	82
1	142
1	32
1	84
1	42
1	50
1	18
1	21
1	91
1	98
1	30
1	39
1	44
1	89
1	28
1	31
1	37
1	59
1	8
1	13
1	73
1	19
1	94
1	15
1	83
1	131
1	2
1	26
1	38
1	95
1	27
1	74
1	4
1	0
1	58
1	57
1	7
1	140
1	81
1	51
1	52
1	6
1	10
1	80
1	9
1	86
1	102
1	66
1	135
1	77
1	88
1	45
1	85
1	76
1	54
1	29
1	5
1	14
1	34
1	92
1	117
1	108
68	33
68	69
68	31
68	8
68	26
68	6
68	66
68	67
68	45
68	85
68	76
68	5
68	108
62	11
62	50
62	31
62	15
62	26
62	58
62	7
62	45
62	5
65	43
65	49
65	156
65	36
65	78
65	11
65	47
65	50
65	44
65	31
65	15
65	66
65	5
65	34
97	99
97	43
97	121
97	100
97	23
97	3
97	128
97	11
97	71
97	40
97	33
97	32
97	42
97	50
97	18
97	21
97	30
97	28
97	31
97	8
97	73
97	27
97	74
97	9
97	67
97	76
97	5
97	117
53	55
53	49
53	115
53	3
53	36
53	153
53	61
53	46
53	25
53	11
53	40
53	47
53	106
53	96
53	75
53	33
53	82
53	32
53	84
53	42
53	50
53	18
53	21
53	91
53	30
53	39
53	44
53	28
53	31
53	59
53	8
53	15
53	83
53	131
53	26
53	27
53	154
53	127
53	155
53	7
53	110
53	51
53	52
53	6
53	10
53	9
53	102
53	90
53	54
53	5
53	14
53	34
53	117
72	11
72	71
72	75
72	73
72	74
72	102
72	5
72	34
104	121
104	49
104	146
104	23
104	3
104	145
104	40
104	122
104	70
104	32
104	18
104	21
104	144
104	30
104	28
104	15
104	26
104	124
104	6
104	123
104	10
104	80
104	45
104	5
104	14
104	34
99	5
43	41
43	49
43	100
43	23
43	128
43	36
43	114
43	141
43	40
43	63
43	33
43	42
43	18
43	21
43	138
43	91
43	44
43	31
43	8
43	73
43	94
43	15
43	26
43	27
43	58
43	147
43	6
43	9
43	77
43	67
43	45
43	76
43	5
43	34
43	117
121	146
121	23
121	3
121	161
121	145
121	40
121	122
121	70
121	32
121	42
121	18
121	21
121	144
121	30
121	28
121	15
121	26
121	27
121	124
121	6
121	123
121	10
121	80
121	5
121	14
60	22
60	3
60	11
60	40
60	32
60	84
60	50
60	21
60	44
60	28
60	31
60	8
60	73
60	26
60	27
60	74
60	77
60	29
60	5
150	15
150	5
111	36
111	133
111	18
111	21
111	28
111	15
111	27
111	6
111	10
111	9
111	54
111	5
111	14
111	92
41	49
41	23
41	22
41	3
41	36
41	61
41	40
41	47
41	32
41	84
41	42
41	50
41	21
41	44
41	8
41	83
41	6
41	45
41	5
41	34
55	23
55	64
55	3
55	36
55	25
55	11
55	40
55	47
55	63
55	87
55	33
55	32
55	42
55	50
55	18
55	21
55	44
55	28
55	31
55	8
55	19
55	15
55	26
55	27
55	4
55	127
55	7
55	52
55	6
55	9
55	54
55	5
55	14
55	34
49	23
49	115
49	22
49	3
49	134
49	16
49	36
49	61
49	78
49	35
49	114
49	25
49	11
49	71
49	40
49	47
49	63
49	87
49	96
49	33
49	32
49	84
49	42
49	50
49	18
49	21
49	91
49	98
49	30
49	39
49	44
49	89
49	28
49	31
49	37
49	59
49	8
49	73
49	19
49	94
49	15
49	83
49	131
49	26
49	38
49	27
49	74
49	0
49	58
49	57
49	7
49	140
49	51
49	52
49	6
49	9
49	102
49	66
49	135
49	88
49	45
49	76
49	54
49	29
49	5
49	14
49	34
49	92
146	23
146	161
146	145
146	40
146	144
146	28
146	15
146	26
146	124
146	6
146	123
146	5
100	128
100	33
100	42
100	50
100	21
100	26
100	9
100	67
100	5
100	117
116	115
116	16
116	11
116	47
116	75
116	32
116	18
116	120
116	91
116	27
116	74
116	149
116	5
116	34
23	22
23	3
23	16
23	36
23	61
23	46
23	35
23	25
23	145
23	11
23	71
23	40
23	47
23	63
23	87
23	75
23	33
23	70
23	32
23	84
23	42
23	50
23	18
23	21
23	144
23	91
23	98
23	30
23	39
23	44
23	28
23	31
23	37
23	59
23	8
23	13
23	19
23	15
23	83
23	130
23	26
23	38
23	95
23	27
23	74
23	4
23	143
23	58
23	7
23	140
23	124
23	81
23	51
23	52
23	6
23	123
23	10
23	80
23	9
23	102
23	129
23	77
23	45
23	85
23	29
23	105
23	5
23	14
23	34
23	117
23	108
115	22
115	3
115	153
115	46
115	35
115	25
115	11
115	47
115	106
115	96
115	75
115	82
115	32
115	84
115	50
115	18
115	21
115	98
115	30
115	89
115	59
115	8
115	73
115	19
115	15
115	83
115	38
115	27
115	74
115	154
115	127
115	155
115	7
115	110
115	51
115	6
115	10
115	9
115	102
115	90
115	76
115	54
115	5
115	14
115	34
115	117
137	16
137	107
137	25
137	11
137	18
137	21
137	13
137	109
137	52
137	29
137	5
79	78
79	122
79	33
79	86
79	5
136	134
136	47
136	18
136	58
136	5
101	87
64	3
64	36
64	11
64	63
64	18
64	28
64	8
64	15
64	26
64	27
64	7
64	6
64	5
64	14
64	34
22	3
22	16
22	36
22	61
22	78
22	35
22	25
22	11
22	71
22	47
22	96
22	75
22	33
22	82
22	32
22	84
22	50
22	18
22	21
22	91
22	98
22	30
22	44
22	89
22	28
22	31
22	59
22	8
22	13
22	73
22	19
22	15
22	83
22	26
22	38
22	27
22	74
22	4
22	143
22	58
22	57
22	7
22	81
22	51
22	6
22	10
22	9
22	102
22	77
22	88
22	45
22	85
22	76
22	54
22	29
22	5
22	14
22	34
22	92
3	16
3	36
3	153
3	61
3	78
3	46
3	35
3	25
3	145
3	152
3	11
3	71
3	40
3	47
3	63
3	106
3	87
3	96
3	75
3	33
3	82
3	142
3	32
3	84
3	42
3	50
3	18
3	21
3	91
3	98
3	30
3	39
3	44
3	89
3	28
3	31
3	37
3	59
3	8
3	13
3	73
3	19
3	94
3	15
3	83
3	2
3	26
3	38
3	27
3	74
3	4
3	0
3	58
3	154
3	127
3	155
3	7
3	110
3	51
3	52
3	6
3	10
3	80
3	9
3	86
3	102
3	66
3	77
3	88
3	45
3	90
3	85
3	76
3	54
3	29
3	5
3	14
3	34
3	92
3	117
3	108
128	33
128	42
128	21
128	9
128	67
128	5
128	117
134	11
134	71
134	47
134	18
134	135
134	34
161	40
161	123
16	36
16	25
16	11
16	71
16	47
16	96
16	75
16	33
16	32
16	50
16	18
16	21
16	30
16	44
16	28
16	31
16	59
16	8
16	13
16	19
16	15
16	26
16	27
16	74
16	4
16	7
16	51
16	6
16	10
16	9
16	77
16	54
16	29
16	5
16	14
16	34
36	61
36	46
36	35
36	133
36	11
36	40
36	47
36	63
36	87
36	96
36	33
36	32
36	84
36	42
36	50
36	18
36	21
36	30
36	39
36	44
36	28
36	31
36	37
36	59
36	8
36	19
36	15
36	26
36	38
36	113
36	27
36	0
36	58
36	7
36	81
36	51
36	52
36	6
36	10
36	80
36	9
36	102
36	45
36	90
36	76
36	54
36	29
36	5
36	14
36	34
36	92
36	108
153	46
153	25
153	11
153	106
153	96
153	75
153	82
153	32
153	18
153	8
153	154
153	127
153	155
153	7
153	110
153	51
153	10
153	9
153	102
153	90
153	54
153	14
153	117
153	108
61	47
61	32
61	84
61	50
61	21
61	44
61	31
61	37
61	59
61	8
61	103
61	15
61	83
61	26
61	155
61	6
61	5
61	34
78	25
78	11
78	33
78	50
78	21
78	30
78	31
78	59
78	94
78	15
78	26
78	45
78	29
78	5
78	34
107	25
107	11
107	106
107	21
107	19
107	109
107	163
107	52
107	162
107	29
107	5
46	25
46	106
46	96
46	75
46	82
46	32
46	18
46	31
46	37
46	8
46	19
46	26
46	27
46	154
46	127
46	155
46	7
46	110
46	81
46	51
46	6
46	10
46	9
46	102
46	90
46	54
46	5
46	14
46	92
46	117
35	114
35	11
35	71
35	47
35	63
35	87
35	96
35	33
35	82
35	32
35	84
35	50
35	18
35	21
35	98
35	30
35	39
35	44
35	89
35	28
35	31
35	37
35	59
35	8
35	73
35	15
35	83
35	131
35	26
35	38
35	27
35	74
35	0
35	58
35	57
35	7
35	51
35	6
35	102
35	66
35	129
35	77
35	88
35	76
35	54
35	29
35	5
35	14
35	34
35	92
133	18
133	21
133	28
133	31
133	15
133	27
133	58
133	6
133	10
133	9
133	54
133	5
133	92
114	18
114	37
114	59
114	73
114	57
114	51
114	5
25	11
25	106
25	87
25	96
25	75
25	33
25	82
25	32
25	18
25	21
25	30
25	28
25	31
25	59
25	8
25	13
25	19
25	94
25	15
25	26
25	27
25	109
25	4
25	154
25	127
25	155
25	7
25	110
25	51
25	52
25	6
25	10
25	9
25	102
25	90
25	54
25	29
25	5
25	14
25	34
25	117
145	40
145	32
145	18
145	21
145	144
145	30
145	28
145	8
145	19
145	15
145	26
145	4
145	124
145	6
145	123
145	10
145	80
145	66
145	45
145	5
152	18
152	59
152	15
152	5
152	14
112	8
112	27
112	5
141	47
141	18
141	91
141	27
141	51
141	77
141	5
141	34
11	71
11	40
11	47
11	118
11	63
11	87
11	96
11	75
11	33
11	82
11	32
11	84
11	42
11	50
11	18
11	21
11	120
11	91
11	98
11	30
11	39
11	44
11	89
11	28
11	31
11	37
11	59
11	8
11	13
11	73
11	19
11	94
11	15
11	83
11	26
11	38
11	95
11	27
11	74
11	109
11	4
11	143
11	0
11	58
11	7
11	110
11	81
11	51
11	52
11	6
11	10
11	9
11	102
11	66
11	135
11	77
11	45
11	90
11	85
11	76
11	54
11	29
11	5
11	14
11	34
11	92
11	108
48	47
48	30
48	15
48	58
48	5
71	47
71	63
71	96
71	75
71	33
71	32
71	84
71	50
71	18
71	21
71	91
71	98
71	30
71	44
71	28
71	31
71	59
71	8
71	73
71	19
71	15
71	83
71	26
71	38
71	27
71	74
71	58
71	7
71	81
71	9
71	102
71	135
71	77
71	5
71	14
71	34
71	92
139	58
40	47
40	33
40	70
40	32
40	42
40	18
40	21
40	144
40	30
40	44
40	28
40	31
40	37
40	8
40	19
40	15
40	26
40	27
40	4
40	58
40	7
40	124
40	52
40	6
40	123
40	10
40	80
40	66
40	67
40	45
40	76
40	54
40	5
40	34
47	63
47	96
47	75
47	33
47	32
47	84
47	42
47	50
47	18
47	21
47	91
47	98
47	30
47	39
47	44
47	28
47	31
47	37
47	59
47	8
47	73
47	19
47	15
47	83
47	26
47	38
47	27
47	74
47	58
47	7
47	51
47	6
47	9
47	102
47	66
47	129
47	77
47	88
47	45
47	90
47	76
47	5
47	14
47	34
47	92
118	18
118	21
118	31
118	8
118	15
118	27
118	74
118	81
118	54
118	5
118	34
63	96
63	142
63	32
63	50
63	18
63	91
63	39
63	44
63	28
63	31
63	37
63	59
63	8
63	73
63	19
63	15
63	26
63	38
63	27
63	7
63	51
63	6
63	5
63	14
63	34
122	33
122	70
122	32
122	42
122	18
122	21
122	30
122	124
122	6
122	123
122	10
122	80
122	5
122	14
106	96
106	75
106	82
106	32
106	18
106	8
106	26
106	154
106	127
106	155
106	7
106	110
106	51
106	10
106	9
106	102
106	90
106	54
106	5
106	14
106	117
87	75
87	82
87	32
87	84
87	50
87	18
87	21
87	98
87	30
87	44
87	28
87	31
87	59
87	8
87	13
87	19
87	15
87	27
87	4
87	7
87	81
87	10
87	9
87	102
87	129
87	54
87	5
87	14
87	34
96	75
96	33
96	82
96	32
96	42
96	50
96	18
96	91
96	98
96	30
96	44
96	28
96	59
96	8
96	73
96	15
96	83
96	131
96	26
96	27
96	74
96	154
96	127
96	155
96	7
96	110
96	51
96	10
96	9
96	102
96	77
96	88
96	90
96	76
96	54
96	29
96	5
96	14
96	34
96	117
75	82
75	32
75	50
75	18
75	120
75	91
75	59
75	8
75	73
75	27
75	74
75	149
75	143
75	154
75	127
75	155
75	7
75	110
75	51
75	6
75	10
75	9
75	102
75	90
75	54
75	5
75	14
75	34
75	117
33	32
33	84
33	42
33	50
33	18
33	21
33	98
33	30
33	44
33	28
33	31
33	37
33	59
33	8
33	73
33	19
33	94
33	15
33	83
33	131
33	26
33	38
33	27
33	74
33	58
33	57
33	7
33	140
33	51
33	52
33	6
33	10
33	9
33	66
33	77
33	67
33	88
33	45
33	90
33	85
33	54
33	5
33	14
33	34
33	117
33	108
82	32
82	84
82	50
82	18
82	21
82	28
82	59
82	8
82	13
82	26
82	27
82	154
82	127
82	155
82	7
82	110
82	51
82	6
82	10
82	9
82	102
82	90
82	54
82	5
82	14
82	34
82	117
70	32
70	18
70	21
70	30
70	31
70	124
70	123
70	10
70	80
70	45
70	5
70	14
70	34
142	50
142	21
142	15
142	38
142	27
142	5
69	91
69	31
69	45
69	5
32	84
32	42
32	50
32	18
32	21
32	91
32	98
32	30
32	39
32	44
32	89
32	28
32	31
32	37
32	59
32	8
32	13
32	73
32	19
32	15
32	83
32	26
32	38
32	95
32	27
32	74
32	4
32	143
32	58
32	154
32	127
32	155
32	7
32	110
32	124
32	81
32	51
32	52
32	6
32	123
32	10
32	80
32	9
32	102
32	77
32	88
32	45
32	90
32	85
32	76
32	54
32	29
32	5
32	14
32	34
32	92
32	117
32	108
84	42
84	50
84	18
84	21
84	98
84	30
84	39
84	44
84	89
84	28
84	31
84	37
84	59
84	8
84	13
84	73
84	19
84	15
84	83
84	38
84	27
84	74
84	7
84	52
84	6
84	9
84	102
84	77
84	76
84	54
84	29
84	5
84	14
84	34
84	92
42	50
42	18
42	21
42	30
42	44
42	28
42	31
42	37
42	59
42	8
42	73
42	19
42	15
42	26
42	38
42	27
42	74
42	58
42	52
42	6
42	9
42	102
42	67
42	45
42	90
42	76
42	54
42	5
42	14
42	34
42	117
50	18
50	21
50	91
50	98
50	30
50	39
50	44
50	89
50	28
50	31
50	59
50	8
50	13
50	73
50	19
50	15
50	83
50	131
50	26
50	38
50	95
50	27
50	74
50	143
50	0
50	58
50	127
50	7
50	140
50	51
50	52
50	6
50	9
50	102
50	66
50	77
50	88
50	45
50	90
50	76
50	54
50	29
50	5
50	14
50	34
50	92
50	108
18	21
18	91
18	98
18	30
18	39
18	44
18	89
18	28
18	31
18	37
18	59
18	8
18	13
18	73
18	19
18	15
18	83
18	26
18	38
18	95
18	27
18	74
18	4
18	143
18	0
18	58
18	154
18	127
18	155
18	57
18	7
18	110
18	140
18	124
18	81
18	51
18	52
18	6
18	123
18	10
18	80
18	9
18	102
18	66
18	135
18	77
18	88
18	45
18	90
18	76
18	54
18	29
18	5
18	14
18	34
18	92
18	117
18	108
21	98
21	30
21	39
21	44
21	89
21	28
21	31
21	59
21	8
21	13
21	73
21	19
21	15
21	83
21	26
21	38
21	113
21	27
21	74
21	4
21	58
21	127
21	155
21	7
21	124
21	163
21	81
21	51
21	52
21	6
21	123
21	10
21	80
21	9
21	102
21	77
21	67
21	45
21	162
21	90
21	76
21	54
21	29
21	5
21	14
21	34
21	92
21	117
144	28
144	15
144	26
144	124
144	6
144	123
144	5
120	91
120	74
120	149
120	29
120	5
120	34
138	5
91	44
91	28
91	59
91	8
91	73
91	15
91	83
91	95
91	27
91	74
91	143
91	6
91	80
91	9
91	102
91	77
91	45
91	5
91	14
91	34
91	92
91	117
98	44
98	89
98	59
98	8
98	73
98	15
98	83
98	26
98	38
98	27
98	0
98	58
98	7
98	6
98	102
98	85
98	76
98	54
98	5
98	14
98	34
30	39
30	44
30	28
30	31
30	37
30	59
30	8
30	13
30	73
30	19
30	15
30	83
30	2
30	26
30	38
30	27
30	74
30	4
30	7
30	110
30	124
30	51
30	52
30	6
30	123
30	10
30	80
30	9
30	66
30	77
30	88
30	45
30	90
30	54
30	29
30	5
30	14
30	34
30	92
39	44
39	28
39	31
39	37
39	59
39	8
39	19
39	15
39	83
39	26
39	38
39	27
39	7
39	51
39	52
39	6
39	29
39	105
39	5
39	14
39	34
44	28
44	31
44	37
44	59
44	8
44	73
44	19
44	15
44	83
44	26
44	38
44	113
44	27
44	74
44	0
44	58
44	57
44	7
44	51
44	52
44	6
44	10
44	9
44	102
44	77
44	88
44	45
44	85
44	76
44	54
44	29
44	5
44	14
44	34
44	108
89	31
89	59
89	8
89	73
89	15
89	83
89	38
89	27
89	51
89	6
89	76
89	54
89	29
89	5
89	14
89	34
28	31
28	37
28	59
28	8
28	13
28	73
28	19
28	15
28	83
28	26
28	38
28	27
28	74
28	4
28	58
28	7
28	124
28	51
28	52
28	6
28	123
28	10
28	80
28	9
28	77
28	88
28	45
28	90
28	76
28	54
28	29
28	5
28	14
28	34
28	92
28	108
31	37
31	59
31	8
31	13
31	73
31	19
31	94
31	15
31	131
31	130
31	26
31	38
31	95
31	27
31	4
31	58
31	7
31	81
31	51
31	52
31	6
31	10
31	9
31	66
31	45
31	76
31	54
31	29
31	105
31	5
31	14
31	34
31	108
37	59
37	8
37	13
37	19
37	94
37	15
37	83
37	26
37	38
37	27
37	58
37	7
37	81
37	51
37	6
37	80
37	67
37	45
37	29
37	105
37	5
37	14
37	34
59	8
59	73
59	19
59	94
59	15
59	83
59	131
59	26
59	38
59	27
59	74
59	143
59	0
59	57
59	7
59	140
59	51
59	52
59	6
59	102
59	77
59	88
59	45
59	76
59	54
59	29
59	5
59	14
59	34
59	92
59	108
8	13
8	73
8	19
8	15
8	83
8	131
8	26
8	38
8	27
8	74
8	4
8	143
8	58
8	154
8	127
8	155
8	57
8	7
8	110
8	140
8	81
8	51
8	52
8	6
8	10
8	80
8	9
8	102
8	66
8	77
8	45
8	90
8	85
8	76
8	54
8	29
8	5
8	14
8	34
8	92
8	117
8	108
103	5
13	19
13	15
13	26
13	27
13	4
13	7
13	6
13	10
13	9
13	29
13	5
13	14
13	34
73	15
73	83
73	38
73	27
73	74
73	51
73	6
73	123
73	102
73	77
73	90
73	76
73	54
73	29
73	5
73	14
73	34
19	15
19	26
19	38
19	27
19	74
19	4
19	7
19	163
19	81
19	51
19	6
19	10
19	80
19	9
19	102
19	45
19	162
19	54
19	29
19	105
19	5
19	14
19	34
94	15
94	26
94	67
94	45
94	5
94	34
15	83
15	26
15	38
15	95
15	27
15	74
15	4
15	58
15	57
15	7
15	140
15	124
15	81
15	51
15	52
15	6
15	123
15	10
15	9
15	102
15	66
15	129
15	77
15	45
15	76
15	54
15	29
15	105
15	5
15	14
15	34
15	92
15	108
83	26
83	38
83	27
83	74
83	0
83	57
83	7
83	51
83	52
83	6
83	102
83	76
83	54
83	29
83	5
83	14
83	34
131	27
131	45
131	5
130	26
130	5
2	0
26	38
26	27
26	4
26	58
26	57
26	7
26	110
26	124
26	81
26	51
26	52
26	6
26	123
26	10
26	9
26	66
26	77
26	45
26	90
26	76
26	54
26	29
26	105
26	5
26	14
26	34
160	5
160	34
38	27
38	74
38	58
38	7
38	51
38	6
38	77
38	76
38	54
38	29
38	5
38	14
38	34
38	92
95	74
95	81
95	5
95	34
113	6
113	5
27	74
27	4
27	143
27	0
27	58
27	127
27	7
27	110
27	140
27	81
27	51
27	52
27	6
27	10
27	9
27	102
27	66
27	77
27	45
27	85
27	76
27	54
27	29
27	5
27	14
27	34
27	92
74	149
74	58
74	7
74	110
74	6
74	9
74	102
74	77
74	90
74	54
74	29
74	5
74	14
74	34
74	92
109	52
109	29
4	7
4	6
4	10
4	80
4	9
4	45
4	29
4	5
4	14
4	34
151	5
143	6
0	7
0	5
0	34
58	57
58	7
58	110
58	51
58	6
58	45
58	5
58	14
58	34
58	108
154	127
154	155
154	7
154	110
154	51
154	10
154	9
154	102
154	90
154	54
154	14
154	117
127	155
127	7
127	110
127	51
127	10
127	9
127	102
127	90
127	54
127	14
127	117
155	7
155	110
155	51
155	6
155	10
155	9
155	102
155	90
155	54
155	14
155	117
57	51
57	9
57	102
57	45
57	5
57	14
57	34
7	110
7	81
7	51
7	52
7	6
7	10
7	9
7	102
7	77
7	90
7	54
7	29
7	5
7	14
7	34
7	117
110	51
110	6
110	10
110	9
110	102
110	45
110	90
110	54
110	29
110	5
110	14
110	34
110	117
140	5
140	14
124	6
124	123
124	10
124	80
124	5
124	14
163	162
81	6
81	54
81	5
81	34
51	6
51	10
51	9
51	102
51	77
51	88
51	90
51	76
51	54
51	29
51	5
51	14
51	34
51	117
52	6
52	54
52	29
52	5
52	34
6	123
6	10
6	80
6	9
6	102
6	66
6	67
6	45
6	85
6	76
6	54
6	29
6	105
6	5
6	14
6	34
6	92
6	108
123	10
123	80
123	5
123	14
123	34
10	80
10	9
10	102
10	77
10	45
10	90
10	54
10	29
10	5
10	14
10	92
10	117
10	108
80	45
80	5
80	14
80	34
80	117
9	102
9	67
9	45
9	90
9	54
9	29
9	5
9	14
9	34
9	92
9	117
86	5
86	34
102	129
102	77
102	90
102	54
102	5
102	14
102	34
102	117
66	67
66	45
66	85
66	5
66	34
66	108
129	54
129	5
129	34
135	34
77	29
77	5
77	14
77	34
77	92
67	85
67	5
67	117
67	108
88	34
45	76
45	105
45	5
45	14
45	34
45	92
125	5
90	54
90	5
90	14
90	117
85	5
85	34
85	108
76	54
76	29
76	5
76	14
76	34
54	5
54	14
54	34
54	92
54	117
29	5
29	14
29	34
29	108
105	5
5	14
5	34
5	92
5	117
5	108
14	34
14	92
14	117
34	92
34	117
34	108
