1000043	525	3105	1449	553	3685	576	1444	3678	535	1431	565	3094	567	527	551	538	3102	3683	1446	7414	569	529	564	526	1458	2354	556	2349	563	
1000094	3072	509	508	505	1413	1416	503	2221	3073	1412	4707	502	1414	1411	
1000065	801	6058	812	813	6057	803	809	807	1818	1812	800	806	805	
1000061	655	668	1579	3186	1581	665	3744	2461	669	1580	
1000097	727	588	4851	3248	4279	3131	2527	1679	2293	3085	
1000078	460	453	455	2300	459	458	4173	457	451	
1000045	1822	820	1841	1820	823	836	3868	571	
1000116	1382	1602	2469	2468	3042	5832	1257	1599	
1000079	748	1687	4283	743	1690	1689	3263	
1000041	414	411	1303	1314	1313	416	


#"nick"	"channel"
-0.309020	0.309020
-0.333946	0.333946
-0.337654	0.337654
-0.341603	0.341603
-0.342946	0.342946
-0.346385	0.346385
-0.347124	0.347124
-0.348472	0.348472
-0.350930	0.350930
-0.358829	0.358829
