1000005	1298	1000058	1000001	1000034	1000085	1000020	327	1000074	1000012	9	1000011	1000017	1236	1000027	1000014	1000031	1000071	1000049	1000047	1000035	268	256	114	1000008	1000015	1000038	1000007	1000023	1000003	1000018	435	425	1544	1343	1000073	1000072	1375	723	1000036	1000114	1000057	
1000043	553	529	569	1449	556	563	1458	564	1444	2349	551	576	526	525	3685	538	1431	565	3102	527	1446	
1000033	471	1000032	481	497	498	1399	491	487	1324	489	1397	4	1401	
1000065	809	807	1818	1812	803	800	806	812	805	801	
1000078	2300	459	455	458	4173	451	457	453	
1000094	503	1411	505	502	1413	1416	508	509	
1000097	3085	1679	4279	2527	2293	727	3131	
1000066	770	694	761	763	767	772	
1000061	3186	665	669	668	1580	655	
1000079	743	1690	748	1687	3263	

#"nick"	"channel"
-4.557105	4.557105
-0.294382	0.294382
-0.368080	0.368080
-0.359028	0.359028
-0.361268	0.361268
-0.362930	0.362930
-0.361878	0.361878
-0.365565	0.365565
-0.366597	0.366597
-0.368048	0.368048
