4	1000033
9	1000005
9	1000001
9	1000036
9	1000020
9	1000031
9	1000012
20	1000005
31	1000005
32	1000005
37	1000005
71	1000005
72	1000005
79	1000005
109	1000005
114	1000005
114	1000014
122	1000005
141	1000005
157	1000005
173	1000005
176	1000005
188	1000005
219	1000005
231	1000005
256	1000005
256	1000058
268	1000005
268	1000044
268	1000058
274	1000005
319	1000005
327	1000005
327	1000011
327	1000071
327	1000001
327	1000072
327	1000073
327	1000074
327	1000034
348	1000005
358	1000005
375	1000005
392	1000058
402	1000058
405	1000058
406	1000058
407	1000058
409	1000058
411	1000041
414	1000041
425	1000034
425	1000085
435	1000034
435	1000001
436	1000042
442	1000027
451	1000078
453	1000078
455	1000078
457	1000078
458	1000078
459	1000078
471	1000033
471	1000032
477	1000035
481	1000033
487	1000033
489	1000033
491	1000033
497	1000033
498	1000033
502	1000094
503	1000094
505	1000094
508	1000094
509	1000094
525	1000043
526	1000043
527	1000043
529	1000043
538	1000043
551	1000043
553	1000043
556	1000043
563	1000043
564	1000043
565	1000043
569	1000043
576	1000043
612	1000042
644	1000099
655	1000061
665	1000061
668	1000061
669	1000061
676	1000055
677	1000055
680	1000031
684	1000085
685	1000085
694	1000066
702	1000020
711	1000020
723	1000074
723	1000027
727	1000097
743	1000079
748	1000079
761	1000066
763	1000066
767	1000066
770	1000066
772	1000066
779	1000095
780	1000095
786	1000031
789	1000063
794	1000032
797	1000032
800	1000065
801	1000065
803	1000065
805	1000065
806	1000065
807	1000065
809	1000065
812	1000065
823	1000045
836	1000045
844	1000005
857	1000005
938	1000005
940	1000005
968	1000005
1040	1000005
1236	1000005
1236	1000001
1236	1000049
1236	1000114
1236	1000057
1276	1000050
1277	1000084
1277	1000050
1293	1000058
1297	1000058
1298	1000058
1298	1000038
1298	1000034
1298	1000047
1298	1000007
1298	1000008
1298	1000011
1298	1000035
1298	1000012
1298	1000014
1298	1000015
1298	1000071
1298	1000017
1298	1000001
1298	1000018
1298	1000049
1298	1000003
1298	1000020
1298	1000023
1298	1000074
1298	1000027
1324	1000033
1332	1000034
1333	1000034
1343	1000001
1343	1000017
1370	1000039
1370	1000037
1375	1000011
1375	1000074
1387	1000001
1397	1000033
1399	1000033
1401	1000033
1411	1000094
1413	1000094
1416	1000094
1418	1000012
1421	1000012
1426	1000014
1431	1000043
1444	1000043
1446	1000043
1449	1000043
1458	1000043
1471	1000040
1492	1000042
1544	1000001
1544	1000017
1580	1000061
1594	1000055
1595	1000092
1602	1000116
1608	1000085
1610	1000085
1651	1000020
1673	1000059
1673	1000131
1679	1000097
1687	1000079
1690	1000079
1786	1000095
1812	1000065
1818	1000065
1841	1000045
1988	1000005
2261	1000058
2289	1000047
2293	1000097
2300	1000078
2349	1000043
2389	1000040
2527	1000097
2963	1000005
2991	1000042
3085	1000097
3102	1000043
3131	1000097
3186	1000061
3203	1000085
3263	1000079
3685	1000043
3868	1000045
4173	1000078
4262	1000020
4279	1000097
4681	1000034
5963	1000085
6286	1000005