Month: 1
[49, 54, 8, 26, 23, 8, 2, 5, 3, 3, 2, 6, 6, 13, 16, 22, 48, 39, 57, 100, 120, 93, 71, 139, 156, 201, 186, 185, 130, 172, 198, 148, 169, 122, 62, 85, 67, 21, 47, 34, 33, 33, 41, 24, 29, 19, 30, 27]

Month: 2
[54, 53, 23, 9, 4, 5, 3, 3, 4, 2, 3, 2, 2, 11, 18, 12, 52, 54, 44, 120, 150, 193, 196, 211, 231, 233, 376, 346, 350, 353, 240, 204, 209, 163, 197, 241, 129, 121, 154, 248, 99, 79, 96, 134, 120, 124, 43, 70]

Month: 3
[105, 29, 40, 52, 21, 29, 49, 3, 2, 8, 8, 3, 3, 16, 7, 12, 38, 48, 108, 61, 75, 141, 194, 171, 181, 177, 280, 274, 334, 259, 201, 229, 181, 194, 181, 110, 94, 117, 113, 112, 124, 198, 148, 124, 97, 52, 49, 75]

Month: 4
[9, 5, 7, 0, 5, 1, 1, 25, 21, 4, 5, 1, 9, 11, 9, 42, 72, 55, 64, 86, 118, 89, 169, 145, 175, 185, 157, 138, 116, 61, 103, 152, 140, 119, 48, 38, 42, 52, 73, 83, 41, 62, 34, 37, 15, 28, 24, 35]

Month: 5
[4, 9, 10, 13, 19, 20, 24, 18, 26, 19, 10, 17, 18, 22, 5, 11, 50, 47, 64, 67, 80, 80, 51, 46, 48, 79, 60, 87, 89, 170, 154, 124, 66, 50, 50, 39, 39, 84, 120, 133, 99, 78, 83, 72, 75, 61, 69, 14]

Month: 6
[32, 30, 10, 9, 17, 40, 31, 14, 13, 11, 18, 67, 42, 36, 28, 16, 42, 31, 91, 109, 146, 140, 179, 210, 166, 179, 204, 249, 267, 346, 246, 223, 150, 84, 56, 56, 97, 127, 76, 96, 56, 49, 43, 50, 38, 67, 45, 26]

Month: 7
[16, 23, 3, 2, 15, 10, 9, 20, 6, 9, 5, 15, 36, 28, 9, 40, 83, 109, 109, 114, 134, 87, 105, 88, 179, 159, 125, 110, 107, 165, 107, 131, 94, 52, 56, 46, 36, 30, 19, 24, 33, 56, 54, 18, 19, 16, 27, 18]

Month: 8
[2, 2, 0, 5, 11, 1, 6, 12, 14, 6, 26, 33, 44, 19, 31, 40, 42, 53, 86, 107, 147, 149, 90, 106, 105, 153, 213, 193, 162, 118, 147, 99, 96, 34, 25, 12, 10, 10, 23, 24, 29, 6, 10, 13, 8, 7, 3, 10]

Month: 9
[5, 11, 2, 3, 1, 8, 3, 3, 3, 2, 7, 3, 11, 15, 21, 11, 21, 52, 75, 59, 91, 122, 137, 126, 92, 180, 203, 194, 192, 213, 281, 156, 76, 54, 39, 23, 27, 4, 29, 32, 28, 15, 24, 12, 14, 7, 1, 9]

Month: 10
[9, 1, 7, 0, 9, 2, 4, 7, 13, 10, 5, 5, 17, 18, 6, 16, 39, 47, 32, 82, 73, 134, 54, 92, 67, 80, 115, 154, 113, 100, 128, 104, 135, 77, 61, 60, 55, 83, 57, 68, 72, 66, 44, 44, 18, 37, 57, 40]

Month: 11
[30, 24, 19, 13, 13, 9, 5, 4, 10, 11, 6, 3, 2, 2, 1, 9, 22, 32, 47, 18, 46, 65, 27, 62, 61, 42, 66, 46, 92, 72, 111, 75, 86, 77, 59, 55, 101, 57, 72, 60, 43, 40, 29, 32, 41, 50, 117, 70]

Month: 12
[22, 15, 9, 7, 10, 11, 3, 4, 5, 7, 1, 7, 3, 9, 4, 11, 25, 20, 17, 43, 19, 54, 76, 101, 77, 112, 103, 38, 63, 68, 84, 40, 103, 76, 48, 58, 48, 15, 21, 15, 20, 31, 23, 11, 38, 35, 59, 30]

===========Cummulative==========
[337, 256, 138, 139, 148, 144, 140, 118, 120, 92, 96, 162, 193, 200, 155, 242, 534, 587, 794, 966, 1199, 1347, 1349, 1497, 1538, 1780, 2088, 2014, 2015, 2097, 2000, 1685, 1505, 1102, 882, 823, 745, 721, 804, 929, 677, 713, 629, 571, 512, 503, 524, 424]
