# Input: ./edgeListUU0
# Nodes: 100    Edges: 0
# Algoritm: Girvan-Newman
# Modularity: -0.000189
# Communities: 2
# NId	CommunityId
2	0
5	0
31	0
49	0
50	0
65	0
120	0
146	0
201	0
204	0
316	0
321	0
338	0
423	0
441	0
471	0
526	0
529	0
530	0
538	0
541	0
559	0
565	0
586	0
590	0
594	0
605	0
621	0
636	0
637	0
650	0
660	0
661	0
687	0
716	0
732	0
736	0
737	0
738	0
743	0
747	0
761	0
763	0
772	0
780	0
797	0
800	0
804	0
818	0
839	0
846	0
911	0
990	0
1065	0
1162	0
1192	0
1266	0
1432	0
1487	0
1489	0
1569	0
1594	0
1634	0
1636	0
1656	0
1741	0
1804	0
1808	0
1823	0
1842	0
2056	0
2423	0
2459	0
2510	0
2612	0
2941	0
3158	0
3195	0
3215	0
3305	0
3383	0
3496	0
3775	0
3860	0
4138	0
4338	0
4765	0
4770	0
4812	0
4860	0
4925	0
5361	0
5996	0
6029	0
6094	0
6248	0
6389	0
6823	0
9835	0
11024	1
