# Input: ./edgeListUU0
# Nodes: 500    Edges: 102167
# Algoritm: Infomap
# Average code length: 255.908655
# Communities: 48
# NId	CommunityId
7	0
417	0
557	0
606	0
614	0
1632	0
2409	0
2524	0
4718	0
150	1
573	1
1577	1
1666	1
2378	1
4829	1
5329	1
6819	1
7430	1
7509	1
8886	1
505	2
599	2
4220	2
4349	2
7391	2
7405	2
120	3
1331	3
4314	3
4765	3
4930	3
5643	3
6468	3
7065	3
7381	3
7388	3
7563	3
10214	3
11755	3
12313	3
145	4
263	4
529	4
714	4
743	4
786	4
804	4
1489	4
1510	4
1536	4
2459	4
2535	4
4748	4
7822	4
441	5
797	5
1741	5
2586	5
2639	5
3069	5
4192	5
4925	5
5993	5
6823	5
9327	5
716	6
732	6
806	6
846	6
1079	6
2423	6
2440	6
2537	6
3002	6
3258	6
4361	6
5281	6
5428	6
5528	6
7888	6
9257	6
9957	6
605	7
657	7
780	7
781	7
839	7
1375	7
1576	7
1797	7
1808	7
2621	7
3305	7
3492	7
3840	7
4812	7
5549	7
6301	7
6520	7
6560	7
6667	7
6993	7
8330	7
594	8
636	8
800	8
877	8
2403	8
2552	8
2553	8
3228	8
4303	8
5868	8
6614	8
6687	8
9345	8
9701	8
9753	8
200	9
586	9
661	9
1432	9
3329	9
4931	9
791	10
1488	10
1597	10
1768	10
2380	10
530	11
1162	11
1553	11
1594	11
1784	11
2949	11
3299	11
3301	11
5308	11
6122	11
7851	11
12381	11
794	12
2641	12
2666	12
2720	12
3065	12
4763	12
4901	12
5533	12
6504	12
6600	12
6605	12
6763	12
7254	12
7411	12
7577	12
537	13
784	13
1637	13
1651	13
3383	13
5	14
321	14
1601	14
1765	14
2995	14
4138	14
4770	14
6624	14
7967	14
9684	14
10129	14
134	15
772	15
1056	15
2779	15
3191	15
4171	15
4174	15
4554	15
5122	15
6708	15
7089	15
7207	15
10083	15
65	16
815	16
990	16
1065	16
1340	16
1531	16
1607	16
1656	16
1766	16
4747	16
4934	16
650	17
2152	17
2576	17
2777	17
3106	17
3155	17
3666	17
3697	17
5296	17
5361	17
7032	17
7435	17
8944	17
9659	17
2	18
761	18
1543	18
1569	18
3147	18
3211	18
7514	18
8642	18
227	19
525	19
1671	19
6947	19
6986	19
12145	19
50	20
229	20
471	20
604	20
621	20
1153	20
1241	20
1574	20
3158	20
3860	20
4338	20
5442	20
6013	20
9813	20
763	21
1804	21
2231	21
2640	21
6498	21
6612	21
9420	21
559	22
911	22
4749	22
4860	22
6975	22
6976	22
291	23
646	23
736	23
857	23
3099	23
4809	23
5358	23
5519	23
6585	23
6615	23
540	24
711	24
1260	24
1614	24
1806	24
2031	24
2341	24
2427	24
3074	24
3494	24
3798	24
6334	24
9718	24
517	25
718	25
783	25
852	25
1036	25
1823	25
2120	25
4139	25
6402	25
9634	25
11240	25
1636	26
1665	26
1842	26
1879	26
2322	26
2404	26
2510	26
3708	26
4222	26
4448	26
4717	26
5539	26
5985	26
6703	26
7329	26
7855	26
8960	26
9695	26
10138	26
10440	26
11236	26
338	27
737	27
3806	27
3870	27
5302	27
5522	27
6459	27
8467	27
10879	27
11380	27
11729	27
12196	27
12582	27
637	28
1789	28
3177	28
3230	28
3246	28
7059	28
7548	28
7742	28
9413	28
9670	28
11218	28
704	29
792	29
1544	29
2358	29
2434	29
3290	29
3314	29
4183	29
543	30
578	30
677	30
1990	30
228	31
536	31
2399	31
2647	31
2649	31
2894	31
204	32
425	32
512	32
541	32
587	32
698	32
1564	32
1689	32
6423	32
201	33
738	33
795	33
796	33
1266	33
1575	33
1833	33
2056	33
5807	33
5996	33
6248	33
7630	33
7819	33
7823	33
9173	33
590	34
770	34
2133	34
4327	34
5885	34
6593	34
7022	34
8741	34
9789	34
10090	34
10198	34
11041	34
11654	34
11778	34
11799	34
12180	34
270	35
744	35
1251	35
3262	35
4742	35
5373	35
31	36
49	36
67	36
146	36
565	36
631	36
841	36
873	36
1192	36
1769	36
2582	36
3163	36
3644	36
521	37
595	37
2401	37
3281	37
4207	37
5401	37
1394	38
1494	38
1563	38
1587	38
2605	38
4279	38
4951	38
6003	38
7373	38
8348	38
209	39
316	39
729	39
730	39
1530	39
1634	39
1695	39
1830	39
2386	39
2941	39
3496	39
3775	39
5427	39
5980	39
9835	39
423	40
538	40
1060	40
3646	40
5930	40
7144	40
1509	41
1588	41
1810	41
2585	41
3193	41
1487	42
2010	42
3146	42
4241	42
4896	42
5862	42
6094	42
6530	42
8322	42
11024	42
11415	42
2612	43
2627	43
3770	43
5523	43
6444	43
7917	43
10118	43
11328	43
526	44
699	44
719	44
2109	44
6029	44
6389	44
7078	44
7569	44
7804	44
424	45
629	45
660	45
1190	45
1716	45
7575	45
589	46
687	46
746	46
818	46
1981	46
2978	46
3080	46
3195	46
3215	46
3413	46
3738	46
3869	46
723	47
747	47
1817	47
3929	47
4248	47
