1000005	37	268	188	256	79	109	31	20	71	358	219	857	9	327	
1000012	1298	1421	1418	
1000065	1812	1818	806	807	805	801	809	800	
1000078	459	2300	457	451	453	455	458	
1000043	1431	569	538	1458	527	564	
1000033	491	481	498	497	487	
1000058	1293	392	2261	405	407	
9	1000001	1000020	1000036	
327	1000085	1000001	1000034	1000071	1000074	1000072	1000073	1000011	425	435	685	684	

#"nick"	"channel"
-0.293963	0.293963
-0.300015	0.300015
-0.311060	0.311060
-0.315510	0.315510
-0.317713	0.317713
-0.321921	0.321921
-0.322130	0.322130
0.032138	-0.032138
-1.821404	1.821404
