9	1000005
9	1000001
9	1000036
9	1000020
9	1000031
20	1000005
31	1000005
37	1000005
71	1000005
79	1000005
109	1000005
188	1000005
219	1000005
256	1000005
268	1000005
327	1000005
327	1000011
327	1000071
327	1000001
327	1000072
327	1000073
327	1000074
358	1000005
392	1000058
405	1000058
407	1000058
411	1000041
414	1000041
425	1000034
425	1000085
435	1000034
435	1000001
451	1000078
453	1000078
455	1000078
457	1000078
458	1000078
459	1000078
481	1000033
487	1000033
491	1000033
497	1000033
498	1000033
503	1000094
505	1000094
508	1000094
527	1000043
538	1000043
564	1000043
569	1000043
612	1000042
644	1000099
665	1000061
668	1000061
669	1000061
677	1000055
684	1000085
685	1000085
723	1000027
727	1000097
743	1000079
779	1000095
780	1000095
794	1000032
800	1000065
801	1000065
805	1000065
806	1000065
807	1000065
809	1000065
823	1000045
836	1000045
857	1000005
1293	1000058
1298	1000012
1298	1000020
1370	1000039
1411	1000094
1418	1000012
1421	1000012
1431	1000043
1458	1000043
1492	1000042
1679	1000097
1786	1000095
1812	1000065
1818	1000065
2261	1000058
2300	1000078
2991	1000042
3085	1000097
3868	1000045