4	1000005
4	1000033
9	1000005
9	1000034
9	1000035
9	1000015
9	1000001
9	1000036
9	1000020
9	1000026
9	1000027
9	1000031
9	1000012
20	1000005
26	1000048
31	1000005
32	1000005
37	1000005
71	1000005
72	1000005
72	1000036
79	1000005
101	1000005
109	1000005
114	1000005
114	1000014
122	1000005
141	1000005
157	1000005
168	1000014
173	1000005
176	1000005
179	1000005
179	1000012
179	1000015
179	1000020
188	1000005
219	1000005
231	1000005
231	1000034
231	1000003
256	1000005
256	1000058
268	1000005
268	1000044
268	1000058
274	1000005
286	1000005
291	1000005
319	1000005
327	1000005
327	1000011
327	1000071
327	1000001
327	1000072
327	1000073
327	1000074
327	1000034
327	1000075
348	1000005
353	1000005
353	1000031
358	1000005
375	1000005
382	1000026
382	1000031
385	1000006
392	1000058
402	1000058
405	1000058
406	1000058
407	1000058
409	1000058
411	1000041
414	1000041
415	1000003
415	1000050
415	1000049
416	1000041
425	1000034
425	1000085
435	1000034
435	1000001
436	1000034
436	1000011
436	1000042
436	1000074
436	1000014
436	1000050
436	1000017
436	1000001
436	1000018
436	1000003
442	1000001
442	1000027
449	1000039
451	1000078
453	1000078
455	1000078
457	1000078
458	1000078
459	1000078
460	1000078
471	1000011
471	1000033
471	1000032
471	1000074
477	1000035
481	1000033
486	1000033
487	1000033
489	1000033
491	1000033
494	1000033
496	1000033
497	1000033
498	1000033
502	1000094
503	1000094
505	1000094
508	1000094
509	1000094
515	1000014
515	1000011
515	1000059
525	1000043
526	1000043
527	1000043
529	1000043
535	1000043
538	1000043
551	1000043
553	1000043
556	1000043
563	1000043
564	1000043
565	1000043
567	1000043
569	1000043
571	1000045
572	1000005
576	1000043
588	1000097
612	1000042
631	1000032
632	1000032
636	1000050
636	1000001
644	1000099
655	1000061
665	1000061
668	1000061
669	1000061
676	1000055
677	1000055
680	1000037
680	1000031
680	1000026
682	1000039
684	1000085
685	1000085
688	1000020
694	1000020
694	1000066
698	1000020
698	1000062
702	1000020
711	1000020
723	1000074
723	1000027
727	1000097
743	1000079
748	1000079
749	1000012
751	1000090
759	1000048
761	1000066
763	1000066
767	1000066
768	1000066
770	1000066
772	1000066
776	1000066
779	1000095
780	1000095
786	1000031
788	1000063
789	1000063
794	1000032
794	1000044
796	1000032
797	1000032
797	1000095
799	1000019
800	1000065
801	1000065
803	1000065
805	1000065
806	1000065
807	1000065
809	1000065
812	1000065
813	1000065
820	1000045
823	1000045
836	1000045
844	1000005
857	1000005
857	1000040
938	1000005
940	1000005
968	1000005
990	1000005
1013	1000005
1040	1000005
1120	1000032
1222	1000005
1222	1000081
1222	1000015
1222	1000020
1222	1000023
1229	1000005
1235	1000005
1235	1000020
1236	1000005
1236	1000001
1236	1000049
1236	1000114
1236	1000057
1236	1000018
1253	1000005
1257	1000116
1276	1000050
1277	1000084
1277	1000050
1283	1000058
1293	1000058
1296	1000058
1297	1000058
1298	1000058
1298	1000038
1298	1000034
1298	1000047
1298	1000007
1298	1000008
1298	1000011
1298	1000035
1298	1000012
1298	1000014
1298	1000015
1298	1000071
1298	1000017
1298	1000001
1298	1000018
1298	1000049
1298	1000003
1298	1000020
1298	1000023
1298	1000074
1298	1000027
1300	1000058
1303	1000041
1313	1000041
1314	1000041
1324	1000033
1332	1000034
1333	1000034
1333	1000001
1343	1000047
1343	1000001
1343	1000049
1343	1000017
1353	1000012
1355	1000039
1362	1000009
1365	1000088
1365	1000096
1370	1000039
1370	1000037
1375	1000011
1375	1000074
1377	1000073
1382	1000116
1386	1000035
1387	1000098
1387	1000001
1393	1000033
1397	1000033
1399	1000033
1401	1000033
1411	1000094
1412	1000094
1413	1000094
1414	1000094
1416	1000094
1418	1000012
1418	1000020
1421	1000012
1426	1000014
1431	1000043
1444	1000043
1446	1000043
1449	1000043
1458	1000043
1471	1000040
1490	1000068
1492	1000042
1503	1000042
1505	1000042
1525	1000042
1532	1000050
1534	1000050
1537	1000050
1537	1000033
1537	1000001
1539	1000017
1539	1000001
1539	1000049
1544	1000001
1544	1000017
1564	1000020
1566	1000049
1570	1000049
1579	1000061
1580	1000061
1581	1000061
1588	1000104
1591	1000104
1594	1000055
1595	1000092
1599	1000116
1602	1000116
1608	1000085
1610	1000085
1651	1000020
1661	1000075
1673	1000059
1673	1000131
1679	1000097
1687	1000079
1689	1000079
1690	1000079
1786	1000095
1812	1000065
1818	1000065
1820	1000045
1822	1000045
1841	1000045
1988	1000005
2031	1000005
2221	1000094
2261	1000058
2284	1000047
2289	1000047
2289	1000001
2292	1000047
2292	1000017
2292	1000001
2292	1000018
2292	1000134
2292	1000136
2293	1000097
2295	1000137
2296	1000137
2300	1000078
2331	1000012
2349	1000043
2354	1000043
2389	1000040
2390	1000040
2392	1000075
2423	1000042
2423	1000073
2461	1000061
2468	1000116
2469	1000116
2527	1000097
2963	1000005
2991	1000042
3042	1000116
3072	1000094
3073	1000094
3078	1000012
3085	1000097
3088	1000014
3088	1000050
3088	1000001
3094	1000043
3102	1000043
3105	1000043
3131	1000097
3163	1000059
3186	1000061
3203	1000085
3248	1000097
3263	1000079
3305	1000119
3411	1000005
3411	1000036
3678	1000043
3683	1000043
3685	1000043
3744	1000061
3799	1000044
3806	1000048
3868	1000045
4141	1000092
4173	1000078
4262	1000020
4262	1000076
4279	1000097
4283	1000079
4298	1000066
4467	1000005
4681	1000034
4689	1000049
4696	1000081
4707	1000094
4711	1000012
4714	1000014
4718	1000014
4718	1000001
4718	1000059
4774	1000050
4776	1000050
4776	1000001
4776	1000059
4776	1000096
4776	1000131
4804	1000104
4851	1000097
5294	1000047
5294	1000141
5294	1000051
5311	1000012
5385	1000050
5493	1000031
5684	1000005
5832	1000116
5963	1000085
6002	1000075
6034	1000066
6057	1000065
6058	1000065
6286	1000005
7414	1000043
7447	1000068
7449	1000042
7911	1000055
8278	1000033
8294	1000033
