========TOP 100 NODES ON BASIS OF DEGREE ========
[49, 559, 530, 441, 594, 526, 146, 50, 660, 804, 1266, 565, 687, 5, 1162, 2, 120, 338, 1487, 636, 772, 797, 818, 732, 31, 1656, 621, 1569, 1192, 3305, 2423, 6248, 650, 1594, 321, 605, 1634, 65, 3383, 201, 1065, 423, 747, 5996, 1808, 1823, 846, 2459, 743, 586, 1636, 4770, 738, 1489, 204, 471, 3775, 761, 911, 839, 800, 4138, 4925, 736, 6823, 6029, 4765, 990, 3158, 716, 2056, 590, 1804, 1842, 4860, 316, 1432, 737, 763, 538, 529, 661, 2941, 3215, 3860, 3195, 6094, 6389, 780, 4338, 2612, 4812, 9835, 3496, 5361, 11024, 637, 1741, 2510, 541]
=======UPDATED ADJACENY LIST ON THE BASIS OF ABOVE NODES=======
5	2
31	2
31	5
49	2
49	5
49	31
50	2
50	5
50	31
50	49
65	2
65	5
65	31
65	49
65	50
120	2
120	5
120	31
120	49
120	50
120	65
146	2
146	5
146	31
146	49
146	50
146	65
146	120
201	2
201	5
201	31
201	49
201	50
201	65
201	120
201	146
204	2
204	5
204	31
204	49
204	50
204	65
204	120
204	146
204	201
316	2
316	5
316	31
316	49
316	50
316	65
316	120
316	146
316	201
316	204
321	2
321	5
321	31
321	49
321	50
321	65
321	120
321	146
321	201
321	204
321	316
338	2
338	5
338	31
338	49
338	50
338	65
338	120
338	146
338	201
338	204
338	316
338	321
423	2
423	5
423	31
423	49
423	50
423	65
423	120
423	146
423	201
423	204
423	316
423	321
423	338
441	2
441	5
441	31
441	49
441	50
441	65
441	120
441	146
441	201
441	204
441	316
441	321
441	338
441	423
471	2
471	5
471	31
471	49
471	50
471	65
471	120
471	146
471	201
471	204
471	316
471	321
471	338
471	423
471	441
526	2
526	5
526	31
526	49
526	50
526	65
526	120
526	146
526	201
526	204
526	316
526	321
526	338
526	423
526	441
526	471
529	2
529	5
529	31
529	49
529	50
529	65
529	120
529	146
529	201
529	204
529	316
529	321
529	338
529	423
529	441
529	471
529	526
530	2
530	5
530	31
530	49
530	50
530	65
530	120
530	146
530	201
530	204
530	316
530	321
530	338
530	423
530	441
530	471
530	526
530	529
538	2
538	5
538	31
538	49
538	50
538	65
538	120
538	146
538	201
538	204
538	316
538	321
538	338
538	423
538	441
538	471
538	526
538	529
538	530
541	2
541	5
541	31
541	49
541	50
541	65
541	120
541	146
541	201
541	204
541	316
541	321
541	338
541	423
541	441
541	471
541	526
541	529
541	530
541	538
559	2
559	5
559	31
559	49
559	50
559	65
559	120
559	146
559	201
559	204
559	316
559	321
559	338
559	423
559	441
559	471
559	526
559	529
559	530
559	538
559	541
565	2
565	5
565	31
565	49
565	50
565	65
565	120
565	146
565	201
565	204
565	316
565	321
565	338
565	423
565	441
565	471
565	526
565	529
565	530
565	538
565	541
565	559
586	2
586	5
586	31
586	49
586	50
586	65
586	120
586	146
586	201
586	204
586	316
586	321
586	338
586	423
586	441
586	471
586	526
586	529
586	530
586	538
586	541
586	559
586	565
590	2
590	5
590	31
590	49
590	50
590	65
590	120
590	146
590	201
590	204
590	316
590	321
590	338
590	423
590	441
590	471
590	526
590	529
590	530
590	538
590	541
590	559
590	565
590	586
594	2
594	5
594	31
594	49
594	50
594	65
594	120
594	146
594	201
594	204
594	316
594	321
594	338
594	423
594	441
594	471
594	526
594	529
594	530
594	538
594	541
594	559
594	565
594	586
594	590
605	2
605	5
605	31
605	49
605	50
605	65
605	120
605	146
605	201
605	204
605	316
605	321
605	338
605	423
605	441
605	471
605	526
605	529
605	530
605	538
605	541
605	559
605	565
605	586
605	590
605	594
621	2
621	5
621	31
621	49
621	50
621	65
621	120
621	146
621	201
621	204
621	316
621	321
621	338
621	423
621	441
621	471
621	526
621	529
621	530
621	538
621	541
621	559
621	565
621	586
621	590
621	594
621	605
636	2
636	5
636	31
636	49
636	50
636	65
636	120
636	146
636	201
636	204
636	316
636	321
636	338
636	423
636	441
636	471
636	526
636	529
636	530
636	538
636	541
636	559
636	565
636	586
636	590
636	594
636	605
636	621
637	2
637	5
637	31
637	49
637	50
637	65
637	120
637	146
637	201
637	204
637	316
637	321
637	338
637	423
637	441
637	471
637	526
637	529
637	530
637	538
637	541
637	559
637	565
637	586
637	590
637	594
637	605
637	621
637	636
650	2
650	5
650	31
650	49
650	50
650	65
650	120
650	146
650	201
650	204
650	316
650	321
650	338
650	423
650	441
650	471
650	526
650	529
650	530
650	538
650	541
650	559
650	565
650	586
650	590
650	594
650	605
650	621
650	636
650	637
660	2
660	5
660	31
660	49
660	50
660	65
660	120
660	146
660	201
660	204
660	316
660	321
660	338
660	423
660	441
660	471
660	526
660	529
660	530
660	538
660	541
660	559
660	565
660	586
660	590
660	594
660	605
660	621
660	636
660	637
660	650
661	2
661	5
661	31
661	49
661	50
661	65
661	120
661	146
661	201
661	204
661	316
661	321
661	338
661	423
661	441
661	471
661	526
661	529
661	530
661	538
661	541
661	559
661	565
661	586
661	590
661	594
661	605
661	621
661	636
661	637
661	650
661	660
687	2
687	5
687	31
687	49
687	50
687	65
687	120
687	146
687	201
687	204
687	316
687	321
687	338
687	423
687	441
687	471
687	526
687	529
687	530
687	538
687	541
687	559
687	565
687	586
687	590
687	594
687	605
687	621
687	636
687	637
687	650
687	660
687	661
716	2
716	5
716	31
716	49
716	50
716	65
716	120
716	146
716	201
716	204
716	316
716	321
716	338
716	423
716	441
716	471
716	526
716	529
716	530
716	538
716	541
716	559
716	565
716	586
716	590
716	594
716	605
716	621
716	636
716	637
716	650
716	660
716	661
716	687
732	2
732	5
732	31
732	49
732	50
732	65
732	120
732	146
732	201
732	204
732	316
732	321
732	338
732	423
732	441
732	471
732	526
732	529
732	530
732	538
732	541
732	559
732	565
732	586
732	590
732	594
732	605
732	621
732	636
732	637
732	650
732	660
732	661
732	687
732	716
736	2
736	5
736	31
736	49
736	50
736	65
736	120
736	146
736	201
736	204
736	316
736	321
736	338
736	423
736	441
736	471
736	526
736	529
736	530
736	538
736	541
736	559
736	565
736	586
736	590
736	594
736	605
736	621
736	636
736	637
736	650
736	660
736	661
736	687
736	716
736	732
737	2
737	5
737	31
737	49
737	50
737	65
737	120
737	146
737	201
737	204
737	316
737	321
737	338
737	423
737	441
737	471
737	526
737	529
737	530
737	538
737	541
737	559
737	565
737	586
737	590
737	594
737	605
737	621
737	636
737	637
737	650
737	660
737	661
737	687
737	716
737	732
737	736
738	2
738	5
738	31
738	49
738	50
738	65
738	120
738	146
738	201
738	204
738	316
738	321
738	338
738	423
738	441
738	471
738	526
738	529
738	530
738	538
738	541
738	559
738	565
738	586
738	590
738	594
738	605
738	621
738	636
738	637
738	650
738	660
738	661
738	687
738	716
738	732
738	736
738	737
743	2
743	5
743	31
743	49
743	50
743	65
743	120
743	146
743	201
743	204
743	316
743	321
743	338
743	423
743	441
743	471
743	526
743	529
743	530
743	538
743	541
743	559
743	565
743	586
743	590
743	594
743	605
743	621
743	636
743	637
743	650
743	660
743	661
743	687
743	716
743	732
743	736
743	737
743	738
747	2
747	5
747	31
747	49
747	50
747	65
747	120
747	146
747	201
747	204
747	316
747	321
747	338
747	423
747	441
747	471
747	526
747	529
747	530
747	538
747	541
747	559
747	565
747	586
747	590
747	594
747	605
747	621
747	636
747	637
747	650
747	660
747	661
747	687
747	716
747	732
747	736
747	737
747	738
747	743
761	2
761	5
761	31
761	49
761	50
761	65
761	120
761	146
761	201
761	204
761	316
761	321
761	338
761	423
761	441
761	471
761	526
761	529
761	530
761	538
761	541
761	559
761	565
761	586
761	590
761	594
761	605
761	621
761	636
761	637
761	650
761	660
761	661
761	687
761	716
761	732
761	736
761	737
761	738
761	743
761	747
763	2
763	5
763	31
763	49
763	50
763	65
763	120
763	146
763	201
763	204
763	316
763	321
763	338
763	423
763	441
763	471
763	526
763	529
763	530
763	538
763	541
763	559
763	565
763	586
763	590
763	594
763	605
763	621
763	636
763	637
763	650
763	660
763	661
763	687
763	716
763	732
763	736
763	737
763	738
763	743
763	747
763	761
772	2
772	5
772	31
772	49
772	50
772	65
772	120
772	146
772	201
772	204
772	316
772	321
772	338
772	423
772	441
772	471
772	526
772	529
772	530
772	538
772	541
772	559
772	565
772	586
772	590
772	594
772	605
772	621
772	636
772	637
772	650
772	660
772	661
772	687
772	716
772	732
772	736
772	737
772	738
772	743
772	747
772	761
772	763
780	2
780	5
780	31
780	49
780	50
780	65
780	120
780	146
780	201
780	204
780	316
780	321
780	338
780	423
780	441
780	471
780	526
780	529
780	530
780	538
780	541
780	559
780	565
780	586
780	590
780	594
780	605
780	621
780	636
780	637
780	650
780	660
780	661
780	687
780	716
780	732
780	736
780	737
780	738
780	743
780	747
780	761
780	763
780	772
797	2
797	5
797	31
797	49
797	50
797	65
797	120
797	146
797	201
797	204
797	316
797	321
797	338
797	423
797	441
797	471
797	526
797	529
797	530
797	538
797	541
797	559
797	565
797	586
797	590
797	594
797	605
797	621
797	636
797	637
797	650
797	660
797	661
797	687
797	716
797	732
797	736
797	737
797	738
797	743
797	747
797	761
797	763
797	772
797	780
800	2
800	5
800	31
800	49
800	50
800	65
800	120
800	146
800	201
800	204
800	316
800	321
800	338
800	423
800	441
800	471
800	526
800	529
800	530
800	538
800	541
800	559
800	565
800	586
800	590
800	594
800	605
800	621
800	636
800	637
800	650
800	660
800	661
800	687
800	716
800	732
800	736
800	737
800	738
800	743
800	747
800	761
800	763
800	772
800	780
800	797
804	2
804	5
804	31
804	49
804	50
804	65
804	120
804	146
804	201
804	204
804	316
804	321
804	338
804	423
804	441
804	471
804	526
804	529
804	530
804	538
804	541
804	559
804	565
804	586
804	590
804	594
804	605
804	621
804	636
804	637
804	650
804	660
804	661
804	687
804	716
804	732
804	736
804	737
804	738
804	743
804	747
804	761
804	763
804	772
804	780
804	797
804	800
818	2
818	5
818	31
818	49
818	50
818	65
818	120
818	146
818	201
818	204
818	316
818	321
818	338
818	423
818	441
818	471
818	526
818	529
818	530
818	538
818	541
818	559
818	565
818	586
818	590
818	594
818	605
818	621
818	636
818	637
818	650
818	660
818	661
818	687
818	716
818	732
818	736
818	737
818	738
818	743
818	747
818	761
818	763
818	772
818	780
818	797
818	800
818	804
839	2
839	5
839	31
839	49
839	50
839	65
839	120
839	146
839	201
839	204
839	316
839	321
839	338
839	423
839	441
839	471
839	526
839	529
839	530
839	538
839	541
839	559
839	565
839	586
839	590
839	594
839	605
839	621
839	636
839	637
839	650
839	660
839	661
839	687
839	716
839	732
839	736
839	737
839	738
839	743
839	747
839	761
839	763
839	772
839	780
839	797
839	800
839	804
839	818
846	2
846	5
846	31
846	49
846	50
846	65
846	120
846	146
846	201
846	204
846	316
846	321
846	338
846	423
846	441
846	471
846	526
846	529
846	530
846	538
846	541
846	559
846	565
846	586
846	590
846	594
846	605
846	621
846	636
846	637
846	650
846	660
846	661
846	687
846	716
846	732
846	736
846	737
846	738
846	743
846	747
846	761
846	763
846	772
846	780
846	797
846	800
846	804
846	818
846	839
911	2
911	5
911	31
911	49
911	50
911	65
911	120
911	146
911	201
911	204
911	316
911	321
911	338
911	423
911	441
911	471
911	526
911	529
911	530
911	538
911	541
911	559
911	565
911	586
911	590
911	594
911	605
911	621
911	636
911	637
911	650
911	660
911	661
911	687
911	716
911	732
911	736
911	737
911	738
911	743
911	747
911	761
911	763
911	772
911	780
911	797
911	800
911	804
911	818
911	839
911	846
990	2
990	5
990	31
990	49
990	50
990	65
990	120
990	146
990	201
990	204
990	316
990	321
990	338
990	423
990	441
990	471
990	526
990	529
990	530
990	538
990	541
990	559
990	565
990	586
990	590
990	594
990	605
990	621
990	636
990	637
990	650
990	660
990	661
990	687
990	716
990	732
990	736
990	737
990	738
990	743
990	747
990	761
990	763
990	772
990	780
990	797
990	800
990	804
990	818
990	839
990	846
990	911
1065	2
1065	5
1065	31
1065	49
1065	50
1065	65
1065	120
1065	146
1065	201
1065	204
1065	316
1065	321
1065	338
1065	423
1065	441
1065	471
1065	526
1065	529
1065	530
1065	538
1065	541
1065	559
1065	565
1065	586
1065	590
1065	594
1065	605
1065	621
1065	636
1065	637
1065	650
1065	660
1065	661
1065	687
1065	716
1065	732
1065	736
1065	737
1065	738
1065	743
1065	747
1065	761
1065	763
1065	772
1065	780
1065	797
1065	800
1065	804
1065	818
1065	839
1065	846
1065	911
1065	990
1162	2
1162	5
1162	31
1162	49
1162	50
1162	65
1162	120
1162	146
1162	201
1162	204
1162	316
1162	321
1162	338
1162	423
1162	441
1162	471
1162	526
1162	529
1162	530
1162	538
1162	541
1162	559
1162	565
1162	586
1162	590
1162	594
1162	605
1162	621
1162	636
1162	637
1162	650
1162	660
1162	661
1162	687
1162	716
1162	732
1162	736
1162	737
1162	738
1162	743
1162	747
1162	761
1162	763
1162	772
1162	780
1162	797
1162	800
1162	804
1162	818
1162	839
1162	846
1162	911
1162	990
1162	1065
1192	2
1192	5
1192	31
1192	49
1192	50
1192	65
1192	120
1192	146
1192	201
1192	204
1192	316
1192	321
1192	338
1192	423
1192	441
1192	471
1192	526
1192	529
1192	530
1192	538
1192	541
1192	559
1192	565
1192	586
1192	590
1192	594
1192	605
1192	621
1192	636
1192	637
1192	650
1192	660
1192	661
1192	687
1192	716
1192	732
1192	736
1192	737
1192	738
1192	743
1192	747
1192	761
1192	763
1192	772
1192	780
1192	797
1192	800
1192	804
1192	818
1192	839
1192	846
1192	911
1192	990
1192	1065
1192	1162
1266	2
1266	5
1266	31
1266	49
1266	50
1266	65
1266	120
1266	146
1266	201
1266	204
1266	316
1266	321
1266	338
1266	423
1266	441
1266	471
1266	526
1266	529
1266	530
1266	538
1266	541
1266	559
1266	565
1266	586
1266	590
1266	594
1266	605
1266	621
1266	636
1266	637
1266	650
1266	660
1266	661
1266	687
1266	716
1266	732
1266	736
1266	737
1266	738
1266	743
1266	747
1266	761
1266	763
1266	772
1266	780
1266	797
1266	800
1266	804
1266	818
1266	839
1266	846
1266	911
1266	990
1266	1065
1266	1162
1266	1192
1432	2
1432	5
1432	31
1432	49
1432	50
1432	65
1432	120
1432	146
1432	201
1432	204
1432	316
1432	321
1432	338
1432	423
1432	441
1432	471
1432	526
1432	529
1432	530
1432	538
1432	541
1432	559
1432	565
1432	586
1432	590
1432	594
1432	605
1432	621
1432	636
1432	637
1432	650
1432	660
1432	661
1432	687
1432	716
1432	732
1432	736
1432	737
1432	738
1432	743
1432	747
1432	761
1432	763
1432	772
1432	797
1432	800
1432	804
1432	818
1432	839
1432	846
1432	911
1432	990
1432	1065
1432	1162
1432	1192
1432	1266
1487	2
1487	5
1487	31
1487	49
1487	50
1487	65
1487	120
1487	146
1487	201
1487	204
1487	316
1487	321
1487	338
1487	423
1487	441
1487	471
1487	526
1487	529
1487	530
1487	538
1487	541
1487	559
1487	565
1487	586
1487	590
1487	594
1487	605
1487	621
1487	636
1487	637
1487	650
1487	660
1487	661
1487	687
1487	716
1487	732
1487	736
1487	737
1487	738
1487	743
1487	747
1487	761
1487	763
1487	772
1487	780
1487	797
1487	800
1487	804
1487	818
1487	839
1487	846
1487	911
1487	990
1487	1065
1487	1162
1487	1192
1487	1266
1487	1432
1489	2
1489	5
1489	31
1489	49
1489	50
1489	65
1489	120
1489	146
1489	201
1489	204
1489	316
1489	321
1489	338
1489	423
1489	441
1489	471
1489	526
1489	529
1489	530
1489	538
1489	541
1489	559
1489	565
1489	586
1489	590
1489	594
1489	605
1489	621
1489	636
1489	637
1489	650
1489	660
1489	661
1489	687
1489	716
1489	732
1489	736
1489	737
1489	738
1489	743
1489	747
1489	761
1489	763
1489	772
1489	780
1489	797
1489	800
1489	804
1489	818
1489	839
1489	846
1489	911
1489	990
1489	1065
1489	1162
1489	1192
1489	1266
1489	1432
1489	1487
1569	2
1569	5
1569	31
1569	49
1569	50
1569	65
1569	120
1569	146
1569	201
1569	204
1569	316
1569	321
1569	338
1569	423
1569	441
1569	471
1569	526
1569	529
1569	530
1569	538
1569	541
1569	559
1569	565
1569	586
1569	590
1569	594
1569	605
1569	621
1569	636
1569	637
1569	650
1569	660
1569	661
1569	687
1569	716
1569	732
1569	736
1569	737
1569	738
1569	743
1569	747
1569	761
1569	763
1569	772
1569	780
1569	797
1569	800
1569	804
1569	818
1569	839
1569	846
1569	911
1569	990
1569	1065
1569	1162
1569	1192
1569	1266
1569	1432
1569	1487
1569	1489
1594	2
1594	5
1594	31
1594	49
1594	50
1594	65
1594	120
1594	146
1594	201
1594	204
1594	316
1594	321
1594	338
1594	423
1594	441
1594	471
1594	526
1594	529
1594	530
1594	538
1594	541
1594	559
1594	565
1594	586
1594	590
1594	594
1594	605
1594	621
1594	636
1594	637
1594	650
1594	660
1594	661
1594	687
1594	716
1594	732
1594	736
1594	737
1594	738
1594	743
1594	747
1594	761
1594	763
1594	772
1594	780
1594	797
1594	800
1594	804
1594	818
1594	839
1594	846
1594	911
1594	990
1594	1065
1594	1162
1594	1192
1594	1266
1594	1432
1594	1487
1594	1489
1594	1569
1634	2
1634	5
1634	31
1634	49
1634	50
1634	65
1634	120
1634	146
1634	201
1634	204
1634	316
1634	321
1634	338
1634	423
1634	441
1634	471
1634	526
1634	529
1634	530
1634	538
1634	541
1634	559
1634	565
1634	586
1634	590
1634	594
1634	605
1634	621
1634	636
1634	637
1634	650
1634	660
1634	661
1634	687
1634	716
1634	732
1634	736
1634	737
1634	738
1634	743
1634	747
1634	761
1634	763
1634	772
1634	780
1634	797
1634	800
1634	804
1634	818
1634	839
1634	846
1634	911
1634	990
1634	1065
1634	1162
1634	1192
1634	1266
1634	1432
1634	1487
1634	1489
1634	1569
1634	1594
1636	2
1636	5
1636	31
1636	49
1636	50
1636	65
1636	120
1636	146
1636	201
1636	204
1636	316
1636	321
1636	338
1636	423
1636	441
1636	471
1636	526
1636	529
1636	530
1636	538
1636	541
1636	559
1636	565
1636	586
1636	590
1636	594
1636	605
1636	621
1636	636
1636	637
1636	650
1636	660
1636	661
1636	687
1636	716
1636	732
1636	736
1636	737
1636	738
1636	743
1636	747
1636	761
1636	763
1636	772
1636	780
1636	797
1636	800
1636	804
1636	818
1636	839
1636	846
1636	911
1636	990
1636	1065
1636	1162
1636	1192
1636	1266
1636	1432
1636	1487
1636	1489
1636	1569
1636	1594
1636	1634
1656	2
1656	5
1656	31
1656	49
1656	50
1656	65
1656	120
1656	146
1656	201
1656	204
1656	316
1656	321
1656	338
1656	423
1656	441
1656	471
1656	526
1656	529
1656	530
1656	538
1656	541
1656	559
1656	565
1656	586
1656	590
1656	594
1656	605
1656	621
1656	636
1656	637
1656	650
1656	660
1656	661
1656	687
1656	716
1656	732
1656	736
1656	737
1656	738
1656	743
1656	747
1656	761
1656	763
1656	772
1656	780
1656	797
1656	800
1656	804
1656	818
1656	839
1656	846
1656	911
1656	990
1656	1065
1656	1162
1656	1192
1656	1266
1656	1432
1656	1487
1656	1489
1656	1569
1656	1594
1656	1634
1656	1636
1741	2
1741	5
1741	31
1741	49
1741	50
1741	65
1741	120
1741	146
1741	201
1741	204
1741	316
1741	321
1741	338
1741	423
1741	441
1741	471
1741	526
1741	529
1741	530
1741	538
1741	541
1741	559
1741	565
1741	586
1741	590
1741	594
1741	605
1741	621
1741	636
1741	637
1741	650
1741	660
1741	661
1741	687
1741	716
1741	732
1741	736
1741	737
1741	738
1741	743
1741	747
1741	761
1741	763
1741	772
1741	780
1741	797
1741	800
1741	804
1741	818
1741	839
1741	846
1741	911
1741	990
1741	1065
1741	1162
1741	1192
1741	1266
1741	1432
1741	1487
1741	1489
1741	1569
1741	1594
1741	1634
1741	1636
1741	1656
1804	2
1804	5
1804	31
1804	49
1804	50
1804	65
1804	120
1804	146
1804	201
1804	204
1804	316
1804	321
1804	338
1804	423
1804	441
1804	471
1804	526
1804	529
1804	530
1804	538
1804	541
1804	559
1804	565
1804	586
1804	590
1804	594
1804	605
1804	621
1804	636
1804	637
1804	650
1804	660
1804	661
1804	687
1804	716
1804	732
1804	736
1804	737
1804	738
1804	743
1804	747
1804	761
1804	763
1804	772
1804	780
1804	797
1804	800
1804	804
1804	818
1804	839
1804	846
1804	911
1804	990
1804	1065
1804	1162
1804	1192
1804	1266
1804	1432
1804	1487
1804	1489
1804	1569
1804	1594
1804	1634
1804	1636
1804	1656
1804	1741
1808	2
1808	5
1808	31
1808	49
1808	50
1808	65
1808	120
1808	146
1808	201
1808	204
1808	316
1808	321
1808	338
1808	423
1808	441
1808	471
1808	526
1808	529
1808	530
1808	538
1808	541
1808	559
1808	565
1808	586
1808	590
1808	594
1808	605
1808	621
1808	636
1808	637
1808	650
1808	660
1808	661
1808	687
1808	716
1808	732
1808	736
1808	737
1808	738
1808	743
1808	747
1808	761
1808	763
1808	772
1808	780
1808	797
1808	800
1808	804
1808	818
1808	839
1808	846
1808	911
1808	990
1808	1065
1808	1162
1808	1192
1808	1266
1808	1432
1808	1487
1808	1489
1808	1569
1808	1594
1808	1634
1808	1636
1808	1656
1808	1741
1808	1804
1823	2
1823	5
1823	31
1823	49
1823	50
1823	65
1823	120
1823	146
1823	201
1823	204
1823	316
1823	321
1823	338
1823	423
1823	441
1823	471
1823	526
1823	529
1823	530
1823	538
1823	541
1823	559
1823	565
1823	586
1823	590
1823	594
1823	605
1823	621
1823	636
1823	637
1823	650
1823	660
1823	661
1823	687
1823	716
1823	732
1823	736
1823	737
1823	738
1823	743
1823	747
1823	761
1823	763
1823	772
1823	780
1823	797
1823	800
1823	804
1823	818
1823	839
1823	846
1823	911
1823	990
1823	1065
1823	1162
1823	1192
1823	1266
1823	1432
1823	1487
1823	1489
1823	1569
1823	1594
1823	1634
1823	1636
1823	1656
1823	1741
1823	1804
1823	1808
1842	2
1842	5
1842	31
1842	49
1842	50
1842	65
1842	120
1842	146
1842	201
1842	204
1842	316
1842	321
1842	338
1842	423
1842	441
1842	471
1842	526
1842	529
1842	530
1842	538
1842	541
1842	559
1842	565
1842	586
1842	590
1842	594
1842	605
1842	621
1842	636
1842	637
1842	650
1842	660
1842	661
1842	687
1842	716
1842	732
1842	736
1842	737
1842	738
1842	743
1842	747
1842	761
1842	763
1842	772
1842	780
1842	797
1842	800
1842	804
1842	818
1842	839
1842	846
1842	911
1842	990
1842	1065
1842	1162
1842	1192
1842	1266
1842	1432
1842	1487
1842	1489
1842	1569
1842	1594
1842	1634
1842	1636
1842	1656
1842	1741
1842	1804
1842	1808
1842	1823
2056	2
2056	5
2056	31
2056	49
2056	50
2056	65
2056	120
2056	146
2056	201
2056	204
2056	316
2056	321
2056	338
2056	423
2056	441
2056	471
2056	526
2056	529
2056	530
2056	538
2056	541
2056	559
2056	565
2056	586
2056	590
2056	594
2056	605
2056	621
2056	636
2056	637
2056	650
2056	660
2056	661
2056	687
2056	716
2056	732
2056	736
2056	737
2056	738
2056	743
2056	747
2056	761
2056	763
2056	772
2056	780
2056	797
2056	800
2056	804
2056	818
2056	839
2056	846
2056	911
2056	990
2056	1065
2056	1162
2056	1192
2056	1266
2056	1432
2056	1487
2056	1489
2056	1569
2056	1594
2056	1634
2056	1636
2056	1656
2056	1741
2056	1804
2056	1808
2056	1823
2056	1842
2423	2
2423	5
2423	31
2423	49
2423	50
2423	65
2423	120
2423	146
2423	201
2423	204
2423	316
2423	321
2423	338
2423	423
2423	441
2423	471
2423	526
2423	529
2423	530
2423	538
2423	541
2423	559
2423	565
2423	586
2423	590
2423	594
2423	605
2423	621
2423	636
2423	637
2423	650
2423	660
2423	661
2423	687
2423	716
2423	732
2423	736
2423	737
2423	738
2423	743
2423	747
2423	761
2423	763
2423	772
2423	780
2423	797
2423	800
2423	804
2423	818
2423	839
2423	846
2423	911
2423	990
2423	1065
2423	1162
2423	1192
2423	1266
2423	1432
2423	1487
2423	1489
2423	1569
2423	1594
2423	1634
2423	1636
2423	1656
2423	1741
2423	1804
2423	1808
2423	1823
2423	1842
2423	2056
2459	2
2459	5
2459	31
2459	49
2459	50
2459	65
2459	120
2459	146
2459	201
2459	204
2459	316
2459	321
2459	338
2459	423
2459	441
2459	471
2459	526
2459	529
2459	530
2459	538
2459	541
2459	559
2459	565
2459	586
2459	590
2459	594
2459	605
2459	621
2459	636
2459	637
2459	650
2459	660
2459	661
2459	687
2459	716
2459	732
2459	736
2459	737
2459	738
2459	743
2459	747
2459	761
2459	763
2459	772
2459	780
2459	797
2459	800
2459	804
2459	818
2459	839
2459	846
2459	911
2459	990
2459	1065
2459	1162
2459	1192
2459	1266
2459	1432
2459	1487
2459	1489
2459	1569
2459	1594
2459	1634
2459	1636
2459	1656
2459	1741
2459	1804
2459	1808
2459	1823
2459	1842
2459	2056
2459	2423
2510	2
2510	5
2510	31
2510	49
2510	50
2510	65
2510	120
2510	146
2510	201
2510	204
2510	316
2510	321
2510	338
2510	423
2510	441
2510	471
2510	526
2510	529
2510	530
2510	538
2510	541
2510	559
2510	565
2510	586
2510	590
2510	594
2510	605
2510	621
2510	636
2510	637
2510	650
2510	660
2510	661
2510	687
2510	716
2510	732
2510	736
2510	737
2510	738
2510	743
2510	747
2510	761
2510	763
2510	772
2510	780
2510	797
2510	800
2510	804
2510	818
2510	839
2510	846
2510	911
2510	990
2510	1065
2510	1162
2510	1192
2510	1266
2510	1432
2510	1487
2510	1489
2510	1569
2510	1594
2510	1634
2510	1636
2510	1656
2510	1741
2510	1804
2510	1808
2510	1823
2510	1842
2510	2056
2510	2423
2510	2459
2612	2
2612	5
2612	31
2612	49
2612	50
2612	65
2612	120
2612	146
2612	201
2612	204
2612	316
2612	321
2612	338
2612	423
2612	441
2612	471
2612	526
2612	529
2612	530
2612	538
2612	541
2612	559
2612	565
2612	586
2612	590
2612	594
2612	605
2612	621
2612	636
2612	637
2612	650
2612	660
2612	661
2612	687
2612	716
2612	732
2612	736
2612	737
2612	738
2612	743
2612	747
2612	761
2612	763
2612	772
2612	780
2612	797
2612	800
2612	804
2612	818
2612	839
2612	846
2612	911
2612	990
2612	1065
2612	1162
2612	1192
2612	1266
2612	1432
2612	1487
2612	1489
2612	1569
2612	1594
2612	1634
2612	1636
2612	1656
2612	1741
2612	1804
2612	1808
2612	1823
2612	1842
2612	2056
2612	2423
2612	2459
2612	2510
2941	2
2941	5
2941	31
2941	49
2941	50
2941	65
2941	120
2941	146
2941	201
2941	204
2941	316
2941	321
2941	338
2941	423
2941	441
2941	471
2941	526
2941	529
2941	530
2941	538
2941	541
2941	559
2941	565
2941	586
2941	590
2941	594
2941	605
2941	621
2941	636
2941	637
2941	650
2941	660
2941	661
2941	687
2941	716
2941	732
2941	736
2941	737
2941	738
2941	743
2941	747
2941	761
2941	763
2941	772
2941	780
2941	797
2941	800
2941	804
2941	818
2941	839
2941	846
2941	911
2941	990
2941	1065
2941	1162
2941	1192
2941	1266
2941	1432
2941	1487
2941	1489
2941	1569
2941	1594
2941	1634
2941	1636
2941	1656
2941	1741
2941	1804
2941	1808
2941	1823
2941	1842
2941	2056
2941	2423
2941	2459
2941	2510
2941	2612
3158	2
3158	5
3158	31
3158	49
3158	50
3158	65
3158	120
3158	146
3158	201
3158	204
3158	316
3158	321
3158	338
3158	423
3158	441
3158	471
3158	526
3158	529
3158	530
3158	538
3158	541
3158	559
3158	565
3158	586
3158	590
3158	594
3158	605
3158	621
3158	636
3158	637
3158	650
3158	660
3158	661
3158	687
3158	716
3158	732
3158	736
3158	737
3158	738
3158	743
3158	747
3158	761
3158	763
3158	772
3158	780
3158	797
3158	800
3158	804
3158	818
3158	839
3158	846
3158	911
3158	990
3158	1065
3158	1162
3158	1192
3158	1266
3158	1432
3158	1487
3158	1489
3158	1569
3158	1594
3158	1634
3158	1636
3158	1656
3158	1741
3158	1804
3158	1808
3158	1823
3158	1842
3158	2056
3158	2423
3158	2459
3158	2510
3158	2612
3158	2941
3195	2
3195	5
3195	31
3195	49
3195	50
3195	65
3195	120
3195	146
3195	201
3195	204
3195	316
3195	321
3195	338
3195	423
3195	441
3195	471
3195	526
3195	529
3195	530
3195	538
3195	541
3195	559
3195	565
3195	586
3195	590
3195	594
3195	605
3195	621
3195	636
3195	637
3195	650
3195	660
3195	661
3195	687
3195	716
3195	732
3195	736
3195	737
3195	738
3195	743
3195	747
3195	761
3195	763
3195	772
3195	780
3195	797
3195	800
3195	804
3195	818
3195	839
3195	846
3195	911
3195	990
3195	1065
3195	1162
3195	1192
3195	1266
3195	1432
3195	1487
3195	1489
3195	1569
3195	1594
3195	1634
3195	1636
3195	1656
3195	1741
3195	1804
3195	1808
3195	1823
3195	1842
3195	2056
3195	2423
3195	2459
3195	2510
3195	2612
3195	2941
3195	3158
3215	2
3215	5
3215	31
3215	49
3215	50
3215	65
3215	120
3215	146
3215	201
3215	204
3215	316
3215	321
3215	338
3215	423
3215	441
3215	471
3215	526
3215	529
3215	530
3215	538
3215	541
3215	559
3215	565
3215	586
3215	590
3215	594
3215	605
3215	621
3215	636
3215	637
3215	650
3215	660
3215	661
3215	687
3215	716
3215	732
3215	736
3215	737
3215	738
3215	743
3215	747
3215	761
3215	763
3215	772
3215	780
3215	797
3215	800
3215	804
3215	818
3215	839
3215	846
3215	911
3215	990
3215	1065
3215	1162
3215	1192
3215	1266
3215	1432
3215	1487
3215	1489
3215	1569
3215	1594
3215	1634
3215	1636
3215	1656
3215	1741
3215	1804
3215	1808
3215	1823
3215	1842
3215	2056
3215	2423
3215	2459
3215	2510
3215	2612
3215	2941
3215	3158
3215	3195
3305	2
3305	5
3305	31
3305	49
3305	50
3305	65
3305	120
3305	146
3305	201
3305	204
3305	316
3305	321
3305	338
3305	423
3305	441
3305	471
3305	526
3305	529
3305	530
3305	538
3305	541
3305	559
3305	565
3305	586
3305	590
3305	594
3305	605
3305	621
3305	636
3305	637
3305	650
3305	660
3305	661
3305	687
3305	716
3305	732
3305	736
3305	737
3305	738
3305	743
3305	747
3305	761
3305	763
3305	772
3305	780
3305	797
3305	800
3305	804
3305	818
3305	839
3305	846
3305	911
3305	990
3305	1065
3305	1162
3305	1192
3305	1266
3305	1432
3305	1487
3305	1489
3305	1569
3305	1594
3305	1634
3305	1636
3305	1656
3305	1741
3305	1804
3305	1808
3305	1823
3305	1842
3305	2056
3305	2423
3305	2459
3305	2510
3305	2612
3305	2941
3305	3158
3305	3195
3305	3215
3383	2
3383	5
3383	31
3383	49
3383	50
3383	65
3383	120
3383	146
3383	201
3383	204
3383	316
3383	321
3383	338
3383	423
3383	441
3383	471
3383	526
3383	529
3383	530
3383	538
3383	541
3383	559
3383	565
3383	586
3383	590
3383	594
3383	605
3383	621
3383	636
3383	637
3383	650
3383	660
3383	661
3383	687
3383	716
3383	732
3383	736
3383	737
3383	738
3383	743
3383	747
3383	761
3383	763
3383	772
3383	780
3383	797
3383	800
3383	804
3383	818
3383	839
3383	846
3383	911
3383	990
3383	1065
3383	1162
3383	1192
3383	1266
3383	1432
3383	1487
3383	1489
3383	1569
3383	1594
3383	1634
3383	1636
3383	1656
3383	1741
3383	1804
3383	1808
3383	1823
3383	1842
3383	2056
3383	2423
3383	2459
3383	2510
3383	2612
3383	2941
3383	3158
3383	3195
3383	3215
3383	3305
3496	2
3496	5
3496	31
3496	49
3496	50
3496	65
3496	120
3496	146
3496	201
3496	204
3496	316
3496	321
3496	338
3496	423
3496	441
3496	471
3496	526
3496	529
3496	530
3496	538
3496	541
3496	559
3496	565
3496	586
3496	590
3496	594
3496	605
3496	621
3496	636
3496	637
3496	650
3496	660
3496	661
3496	687
3496	716
3496	732
3496	736
3496	737
3496	738
3496	743
3496	747
3496	761
3496	763
3496	772
3496	780
3496	797
3496	800
3496	804
3496	818
3496	839
3496	846
3496	911
3496	990
3496	1065
3496	1162
3496	1192
3496	1266
3496	1432
3496	1487
3496	1489
3496	1569
3496	1594
3496	1634
3496	1636
3496	1656
3496	1741
3496	1804
3496	1808
3496	1823
3496	1842
3496	2056
3496	2423
3496	2459
3496	2510
3496	2612
3496	2941
3496	3158
3496	3195
3496	3215
3496	3305
3496	3383
3775	2
3775	5
3775	31
3775	49
3775	50
3775	65
3775	120
3775	146
3775	201
3775	204
3775	316
3775	321
3775	338
3775	423
3775	441
3775	471
3775	526
3775	529
3775	530
3775	538
3775	541
3775	559
3775	565
3775	586
3775	590
3775	594
3775	605
3775	621
3775	636
3775	637
3775	650
3775	660
3775	661
3775	687
3775	716
3775	732
3775	736
3775	737
3775	738
3775	743
3775	747
3775	761
3775	763
3775	772
3775	780
3775	797
3775	800
3775	804
3775	818
3775	839
3775	846
3775	911
3775	990
3775	1065
3775	1162
3775	1192
3775	1266
3775	1432
3775	1487
3775	1489
3775	1569
3775	1594
3775	1634
3775	1636
3775	1656
3775	1741
3775	1804
3775	1808
3775	1823
3775	1842
3775	2056
3775	2423
3775	2459
3775	2510
3775	2612
3775	2941
3775	3158
3775	3195
3775	3215
3775	3305
3775	3383
3775	3496
3860	2
3860	5
3860	31
3860	49
3860	50
3860	65
3860	120
3860	146
3860	201
3860	204
3860	316
3860	321
3860	338
3860	423
3860	441
3860	471
3860	526
3860	529
3860	530
3860	538
3860	541
3860	559
3860	565
3860	586
3860	590
3860	594
3860	605
3860	621
3860	636
3860	637
3860	650
3860	660
3860	661
3860	687
3860	716
3860	732
3860	736
3860	737
3860	738
3860	743
3860	747
3860	761
3860	763
3860	772
3860	780
3860	797
3860	800
3860	804
3860	818
3860	839
3860	846
3860	911
3860	990
3860	1065
3860	1162
3860	1192
3860	1266
3860	1432
3860	1487
3860	1489
3860	1569
3860	1594
3860	1634
3860	1636
3860	1656
3860	1741
3860	1804
3860	1808
3860	1823
3860	1842
3860	2056
3860	2423
3860	2459
3860	2510
3860	2612
3860	2941
3860	3158
3860	3195
3860	3215
3860	3305
3860	3383
3860	3496
3860	3775
4138	2
4138	5
4138	31
4138	49
4138	50
4138	65
4138	120
4138	146
4138	201
4138	204
4138	316
4138	321
4138	338
4138	423
4138	441
4138	471
4138	526
4138	529
4138	530
4138	538
4138	541
4138	559
4138	565
4138	586
4138	590
4138	594
4138	605
4138	621
4138	636
4138	637
4138	650
4138	660
4138	661
4138	687
4138	716
4138	732
4138	736
4138	737
4138	738
4138	743
4138	747
4138	761
4138	763
4138	772
4138	780
4138	797
4138	800
4138	804
4138	818
4138	839
4138	846
4138	911
4138	990
4138	1065
4138	1162
4138	1192
4138	1266
4138	1432
4138	1487
4138	1489
4138	1569
4138	1594
4138	1634
4138	1636
4138	1656
4138	1741
4138	1804
4138	1808
4138	1823
4138	1842
4138	2056
4138	2423
4138	2459
4138	2510
4138	2612
4138	2941
4138	3158
4138	3195
4138	3215
4138	3305
4138	3383
4138	3496
4138	3775
4138	3860
4338	2
4338	5
4338	31
4338	49
4338	50
4338	65
4338	120
4338	146
4338	201
4338	204
4338	316
4338	321
4338	338
4338	423
4338	441
4338	471
4338	526
4338	529
4338	530
4338	538
4338	541
4338	559
4338	565
4338	586
4338	590
4338	594
4338	605
4338	621
4338	636
4338	637
4338	650
4338	660
4338	661
4338	687
4338	716
4338	732
4338	736
4338	737
4338	738
4338	743
4338	747
4338	761
4338	763
4338	772
4338	780
4338	797
4338	800
4338	804
4338	818
4338	839
4338	846
4338	911
4338	990
4338	1065
4338	1162
4338	1192
4338	1266
4338	1432
4338	1487
4338	1489
4338	1569
4338	1594
4338	1634
4338	1636
4338	1656
4338	1741
4338	1804
4338	1808
4338	1823
4338	1842
4338	2056
4338	2423
4338	2459
4338	2510
4338	2612
4338	2941
4338	3158
4338	3195
4338	3215
4338	3305
4338	3383
4338	3496
4338	3775
4338	3860
4338	4138
4765	2
4765	5
4765	31
4765	49
4765	50
4765	65
4765	120
4765	146
4765	201
4765	204
4765	316
4765	321
4765	338
4765	423
4765	441
4765	471
4765	526
4765	529
4765	530
4765	538
4765	541
4765	559
4765	565
4765	586
4765	590
4765	594
4765	605
4765	621
4765	636
4765	637
4765	650
4765	660
4765	661
4765	687
4765	716
4765	732
4765	736
4765	737
4765	738
4765	743
4765	747
4765	761
4765	763
4765	772
4765	780
4765	797
4765	800
4765	804
4765	818
4765	839
4765	846
4765	911
4765	990
4765	1065
4765	1162
4765	1192
4765	1266
4765	1432
4765	1487
4765	1489
4765	1569
4765	1594
4765	1634
4765	1636
4765	1656
4765	1741
4765	1804
4765	1808
4765	1823
4765	1842
4765	2056
4765	2423
4765	2459
4765	2510
4765	2612
4765	2941
4765	3158
4765	3195
4765	3215
4765	3305
4765	3383
4765	3496
4765	3775
4765	3860
4765	4138
4765	4338
4770	2
4770	5
4770	31
4770	49
4770	50
4770	65
4770	120
4770	146
4770	201
4770	204
4770	316
4770	321
4770	338
4770	423
4770	441
4770	471
4770	526
4770	529
4770	530
4770	538
4770	541
4770	559
4770	565
4770	586
4770	590
4770	594
4770	605
4770	621
4770	636
4770	637
4770	650
4770	660
4770	661
4770	687
4770	716
4770	732
4770	736
4770	737
4770	738
4770	743
4770	747
4770	761
4770	763
4770	772
4770	780
4770	797
4770	800
4770	804
4770	818
4770	839
4770	846
4770	911
4770	990
4770	1065
4770	1162
4770	1192
4770	1266
4770	1432
4770	1487
4770	1489
4770	1569
4770	1594
4770	1634
4770	1636
4770	1656
4770	1741
4770	1804
4770	1808
4770	1823
4770	1842
4770	2056
4770	2423
4770	2459
4770	2510
4770	2612
4770	2941
4770	3158
4770	3195
4770	3215
4770	3305
4770	3383
4770	3496
4770	3775
4770	3860
4770	4138
4770	4338
4770	4765
4812	2
4812	5
4812	31
4812	49
4812	50
4812	65
4812	120
4812	146
4812	201
4812	204
4812	316
4812	321
4812	338
4812	423
4812	441
4812	471
4812	526
4812	529
4812	530
4812	538
4812	541
4812	559
4812	565
4812	586
4812	590
4812	594
4812	605
4812	621
4812	636
4812	637
4812	650
4812	660
4812	661
4812	687
4812	716
4812	732
4812	736
4812	737
4812	738
4812	743
4812	747
4812	761
4812	763
4812	772
4812	780
4812	797
4812	800
4812	804
4812	818
4812	839
4812	846
4812	911
4812	990
4812	1065
4812	1162
4812	1192
4812	1266
4812	1432
4812	1487
4812	1489
4812	1569
4812	1594
4812	1634
4812	1636
4812	1656
4812	1741
4812	1804
4812	1808
4812	1823
4812	1842
4812	2056
4812	2423
4812	2459
4812	2510
4812	2612
4812	2941
4812	3158
4812	3195
4812	3215
4812	3305
4812	3383
4812	3496
4812	3775
4812	3860
4812	4138
4812	4338
4812	4765
4812	4770
4860	2
4860	5
4860	31
4860	49
4860	50
4860	65
4860	120
4860	146
4860	201
4860	204
4860	316
4860	321
4860	338
4860	423
4860	441
4860	471
4860	526
4860	529
4860	530
4860	538
4860	541
4860	559
4860	565
4860	586
4860	590
4860	594
4860	605
4860	621
4860	636
4860	637
4860	650
4860	660
4860	661
4860	687
4860	716
4860	732
4860	736
4860	737
4860	738
4860	743
4860	747
4860	761
4860	763
4860	772
4860	780
4860	797
4860	800
4860	804
4860	818
4860	839
4860	846
4860	911
4860	990
4860	1065
4860	1162
4860	1192
4860	1266
4860	1432
4860	1487
4860	1489
4860	1569
4860	1594
4860	1634
4860	1636
4860	1656
4860	1741
4860	1804
4860	1808
4860	1823
4860	1842
4860	2056
4860	2423
4860	2459
4860	2510
4860	2612
4860	2941
4860	3158
4860	3195
4860	3215
4860	3305
4860	3383
4860	3496
4860	3775
4860	3860
4860	4138
4860	4338
4860	4765
4860	4770
4860	4812
4925	2
4925	5
4925	31
4925	49
4925	50
4925	65
4925	120
4925	146
4925	201
4925	204
4925	316
4925	321
4925	338
4925	423
4925	441
4925	471
4925	526
4925	529
4925	530
4925	538
4925	541
4925	559
4925	565
4925	586
4925	590
4925	594
4925	605
4925	621
4925	636
4925	637
4925	650
4925	660
4925	661
4925	687
4925	716
4925	732
4925	736
4925	737
4925	738
4925	743
4925	747
4925	761
4925	763
4925	772
4925	780
4925	797
4925	800
4925	804
4925	818
4925	839
4925	846
4925	911
4925	990
4925	1065
4925	1162
4925	1192
4925	1266
4925	1432
4925	1487
4925	1489
4925	1569
4925	1594
4925	1634
4925	1636
4925	1656
4925	1741
4925	1804
4925	1808
4925	1823
4925	1842
4925	2056
4925	2423
4925	2459
4925	2510
4925	2612
4925	2941
4925	3158
4925	3195
4925	3215
4925	3305
4925	3383
4925	3496
4925	3775
4925	3860
4925	4138
4925	4338
4925	4765
4925	4770
4925	4812
4925	4860
5361	2
5361	5
5361	31
5361	49
5361	50
5361	65
5361	120
5361	146
5361	201
5361	204
5361	316
5361	321
5361	338
5361	423
5361	441
5361	471
5361	526
5361	529
5361	530
5361	538
5361	541
5361	559
5361	565
5361	586
5361	590
5361	594
5361	605
5361	621
5361	636
5361	637
5361	650
5361	660
5361	661
5361	687
5361	716
5361	732
5361	736
5361	737
5361	738
5361	743
5361	747
5361	761
5361	763
5361	772
5361	780
5361	797
5361	800
5361	804
5361	818
5361	839
5361	846
5361	911
5361	990
5361	1065
5361	1162
5361	1192
5361	1266
5361	1432
5361	1487
5361	1489
5361	1569
5361	1594
5361	1634
5361	1636
5361	1656
5361	1741
5361	1804
5361	1808
5361	1823
5361	1842
5361	2056
5361	2423
5361	2459
5361	2510
5361	2612
5361	2941
5361	3158
5361	3215
5361	3305
5361	3383
5361	3496
5361	3775
5361	3860
5361	4138
5361	4338
5361	4765
5361	4770
5361	4812
5361	4860
5361	4925
5996	2
5996	5
5996	31
5996	49
5996	50
5996	65
5996	120
5996	146
5996	201
5996	204
5996	316
5996	321
5996	338
5996	423
5996	441
5996	471
5996	526
5996	529
5996	530
5996	538
5996	541
5996	559
5996	565
5996	586
5996	590
5996	594
5996	605
5996	621
5996	636
5996	637
5996	650
5996	660
5996	661
5996	687
5996	716
5996	732
5996	736
5996	737
5996	738
5996	743
5996	747
5996	761
5996	763
5996	772
5996	780
5996	797
5996	800
5996	804
5996	818
5996	839
5996	846
5996	911
5996	990
5996	1065
5996	1162
5996	1192
5996	1266
5996	1432
5996	1487
5996	1489
5996	1569
5996	1594
5996	1634
5996	1636
5996	1656
5996	1741
5996	1804
5996	1808
5996	1823
5996	1842
5996	2056
5996	2423
5996	2459
5996	2510
5996	2612
5996	2941
5996	3158
5996	3195
5996	3215
5996	3305
5996	3383
5996	3496
5996	3775
5996	3860
5996	4138
5996	4338
5996	4765
5996	4770
5996	4812
5996	4860
5996	4925
5996	5361
6029	2
6029	5
6029	31
6029	49
6029	50
6029	65
6029	120
6029	146
6029	201
6029	204
6029	316
6029	321
6029	338
6029	423
6029	441
6029	471
6029	526
6029	529
6029	530
6029	538
6029	541
6029	559
6029	565
6029	586
6029	590
6029	594
6029	605
6029	621
6029	636
6029	637
6029	650
6029	660
6029	661
6029	687
6029	716
6029	732
6029	736
6029	737
6029	738
6029	743
6029	747
6029	761
6029	763
6029	772
6029	780
6029	797
6029	800
6029	804
6029	818
6029	839
6029	846
6029	911
6029	990
6029	1065
6029	1162
6029	1192
6029	1266
6029	1432
6029	1487
6029	1489
6029	1569
6029	1594
6029	1634
6029	1636
6029	1656
6029	1741
6029	1804
6029	1808
6029	1823
6029	1842
6029	2056
6029	2423
6029	2459
6029	2510
6029	2612
6029	2941
6029	3158
6029	3195
6029	3215
6029	3305
6029	3383
6029	3496
6029	3775
6029	3860
6029	4138
6029	4338
6029	4765
6029	4770
6029	4812
6029	4860
6029	4925
6029	5361
6029	5996
6094	2
6094	5
6094	31
6094	49
6094	50
6094	65
6094	120
6094	146
6094	201
6094	204
6094	316
6094	321
6094	338
6094	423
6094	441
6094	471
6094	526
6094	529
6094	530
6094	538
6094	541
6094	559
6094	565
6094	586
6094	590
6094	594
6094	605
6094	621
6094	636
6094	637
6094	650
6094	660
6094	661
6094	687
6094	716
6094	732
6094	736
6094	737
6094	738
6094	743
6094	747
6094	761
6094	763
6094	772
6094	780
6094	797
6094	800
6094	804
6094	818
6094	839
6094	846
6094	911
6094	990
6094	1065
6094	1162
6094	1192
6094	1266
6094	1432
6094	1487
6094	1489
6094	1569
6094	1594
6094	1634
6094	1636
6094	1656
6094	1741
6094	1804
6094	1808
6094	1823
6094	1842
6094	2056
6094	2423
6094	2459
6094	2510
6094	2612
6094	2941
6094	3158
6094	3195
6094	3215
6094	3305
6094	3383
6094	3496
6094	3775
6094	3860
6094	4138
6094	4338
6094	4765
6094	4770
6094	4812
6094	4860
6094	4925
6094	5361
6094	5996
6094	6029
6248	2
6248	5
6248	31
6248	49
6248	50
6248	65
6248	120
6248	146
6248	201
6248	204
6248	316
6248	321
6248	338
6248	423
6248	441
6248	471
6248	526
6248	529
6248	530
6248	538
6248	541
6248	559
6248	565
6248	586
6248	590
6248	594
6248	605
6248	621
6248	636
6248	637
6248	650
6248	660
6248	661
6248	687
6248	716
6248	732
6248	736
6248	737
6248	738
6248	743
6248	747
6248	761
6248	763
6248	772
6248	780
6248	797
6248	800
6248	804
6248	818
6248	839
6248	846
6248	911
6248	990
6248	1065
6248	1162
6248	1192
6248	1266
6248	1432
6248	1487
6248	1489
6248	1569
6248	1594
6248	1634
6248	1636
6248	1656
6248	1741
6248	1804
6248	1808
6248	1823
6248	1842
6248	2056
6248	2423
6248	2459
6248	2510
6248	2612
6248	2941
6248	3158
6248	3195
6248	3215
6248	3305
6248	3383
6248	3496
6248	3775
6248	3860
6248	4138
6248	4338
6248	4765
6248	4770
6248	4812
6248	4860
6248	4925
6248	5361
6248	5996
6248	6029
6248	6094
6389	2
6389	5
6389	31
6389	49
6389	50
6389	65
6389	120
6389	146
6389	201
6389	204
6389	316
6389	321
6389	338
6389	423
6389	441
6389	471
6389	526
6389	529
6389	530
6389	538
6389	541
6389	559
6389	565
6389	586
6389	590
6389	594
6389	605
6389	621
6389	636
6389	637
6389	650
6389	660
6389	661
6389	687
6389	716
6389	732
6389	736
6389	737
6389	738
6389	743
6389	747
6389	761
6389	763
6389	772
6389	780
6389	797
6389	800
6389	804
6389	818
6389	839
6389	846
6389	911
6389	990
6389	1065
6389	1162
6389	1192
6389	1266
6389	1432
6389	1487
6389	1489
6389	1569
6389	1594
6389	1634
6389	1636
6389	1656
6389	1741
6389	1804
6389	1808
6389	1823
6389	1842
6389	2056
6389	2423
6389	2459
6389	2510
6389	2612
6389	2941
6389	3158
6389	3195
6389	3215
6389	3305
6389	3383
6389	3496
6389	3775
6389	3860
6389	4138
6389	4338
6389	4765
6389	4770
6389	4812
6389	4860
6389	4925
6389	5361
6389	5996
6389	6029
6389	6094
6389	6248
6823	2
6823	5
6823	31
6823	49
6823	50
6823	65
6823	120
6823	146
6823	201
6823	204
6823	316
6823	321
6823	338
6823	423
6823	441
6823	471
6823	526
6823	529
6823	530
6823	538
6823	559
6823	565
6823	586
6823	590
6823	594
6823	605
6823	621
6823	636
6823	637
6823	650
6823	660
6823	661
6823	687
6823	716
6823	732
6823	736
6823	737
6823	738
6823	743
6823	747
6823	761
6823	763
6823	772
6823	780
6823	797
6823	800
6823	804
6823	818
6823	839
6823	846
6823	911
6823	990
6823	1065
6823	1162
6823	1192
6823	1266
6823	1432
6823	1487
6823	1489
6823	1569
6823	1594
6823	1634
6823	1636
6823	1656
6823	1741
6823	1804
6823	1808
6823	1823
6823	1842
6823	2056
6823	2423
6823	2459
6823	2510
6823	2612
6823	2941
6823	3158
6823	3195
6823	3215
6823	3305
6823	3383
6823	3496
6823	3775
6823	3860
6823	4138
6823	4338
6823	4765
6823	4770
6823	4812
6823	4860
6823	4925
6823	5361
6823	5996
6823	6029
6823	6094
6823	6248
6823	6389
9835	2
9835	5
9835	31
9835	49
9835	50
9835	65
9835	120
9835	146
9835	201
9835	204
9835	316
9835	321
9835	338
9835	423
9835	441
9835	471
9835	526
9835	529
9835	530
9835	538
9835	541
9835	559
9835	565
9835	586
9835	590
9835	594
9835	605
9835	621
9835	636
9835	637
9835	650
9835	660
9835	661
9835	687
9835	716
9835	732
9835	736
9835	737
9835	738
9835	743
9835	747
9835	761
9835	763
9835	772
9835	797
9835	800
9835	804
9835	818
9835	839
9835	846
9835	911
9835	990
9835	1065
9835	1162
9835	1192
9835	1266
9835	1432
9835	1487
9835	1489
9835	1569
9835	1594
9835	1634
9835	1636
9835	1656
9835	1741
9835	1804
9835	1808
9835	1823
9835	1842
9835	2056
9835	2423
9835	2459
9835	2510
9835	2612
9835	2941
9835	3158
9835	3195
9835	3215
9835	3305
9835	3383
9835	3496
9835	3775
9835	3860
9835	4138
9835	4338
9835	4765
9835	4770
9835	4812
9835	4860
9835	4925
9835	5361
9835	5996
9835	6029
9835	6094
9835	6248
9835	6389
9835	6823
11024	2
11024	5
11024	31
11024	49
11024	50
11024	120
11024	146
11024	201
11024	204
11024	316
11024	321
11024	338
11024	423
11024	441
11024	471
11024	526
11024	529
11024	530
11024	538
11024	541
11024	559
11024	565
11024	586
11024	590
11024	594
11024	605
11024	621
11024	636
11024	637
11024	650
11024	660
11024	661
11024	687
11024	716
11024	732
11024	736
11024	737
11024	738
11024	743
11024	747
11024	761
11024	763
11024	772
11024	797
11024	804
11024	818
11024	839
11024	846
11024	911
11024	990
11024	1065
11024	1162
11024	1192
11024	1266
11024	1432
11024	1487
11024	1489
11024	1569
11024	1594
11024	1634
11024	1636
11024	1656
11024	1741
11024	1804
11024	1808
11024	1823
11024	1842
11024	2056
11024	2423
11024	2459
11024	2510
11024	2612
11024	2941
11024	3158
11024	3195
11024	3215
11024	3305
11024	3383
11024	3496
11024	3775
11024	3860
11024	4138
11024	4338
11024	4765
11024	4770
11024	4812
11024	4860
11024	4925
11024	5361
11024	5996
11024	6029
11024	6094
11024	6248
11024	6389
11024	6823
11024	9835