code-length 6.03260426509
no. of communities: 8
Clustering with 100 elements and 8 clusters
[0] 1, 2, 3, 4, 5, 6, 7, 9, 10, 11, 12, 13, 15, 16, 36, 38, 39, 40, 54, 55,
    56, 57, 58, 59, 65, 70, 71, 72, 82, 87, 91, 92, 97
[1] 8, 17, 18, 24, 25, 31, 34, 41, 44, 60, 61, 62, 63, 64, 66, 67, 68, 76, 77,
    78, 79, 80, 81, 83, 85, 88, 90, 93, 94, 95, 96, 99
[2] 0, 14, 23, 26, 27, 28, 29, 33, 35, 37, 42, 43, 45, 46, 47, 48, 69, 73, 74,
    86, 98
[3] 19, 20, 21, 22
[4] 49, 50, 51, 52
[5] 32, 53, 75
[6] 84, 89
[7] 30

0	2
1	9
2	31
3	32
4	37
5	62
6	71
7	109
8	168
9	173
10	179
11	188
12	219
13	256
14	381
15	382
16	392
17	415
18	442
19	451
20	453
21	455
22	459
23	471
24	473
25	477
26	478
27	487
28	489
29	493
30	505
31	515
32	571
33	631
34	639
35	653
36	668
37	677
38	680
39	682
40	694
41	749
42	779
43	780
44	788
45	794
46	796
47	797
48	799
49	800
50	805
51	806
52	809
53	823
54	857
55	915
56	940
57	990
58	1273
59	1283
60	1321
61	1324
62	1326
63	1333
64	1343
65	1362
66	1375
67	1386
68	1387
69	1399
70	1418
71	1419
72	1421
73	1425
74	1426
75	1431
76	1531
77	1537
78	1544
79	1546
80	1552
81	1562
82	1564
83	1566
84	1602
85	1681
86	1737
87	2245
88	2334
89	2392
90	3157
91	3186
92	4262
93	4714
94	4774
95	4778
96	5931
97	6286
98	8776
99	9191
